#V_bias (V)   V_buio (milliV)   Ch   err_Ch   FWHM  err_FWHM   FWHM/ch*e-3  err_FWHM/ch*e-3
10.69 40 4828.9980 0.1268 28.6795 0.2053 5.9390 0.0427 
15.42 58 4831.9771 0.1044 24.6210 0.1758 5.0954 0.0365
17.23 66 4832.4048 0.1004 23.7218 0.1675 4.9089 0.0348
20.11 79 4832.9679 0.0976 23.0655 0.1632 4.7725 0.0339
22.98 92 4833.2345 0.0994 23.4618 0.1669 4.8543 0.0346
25.48 105 4833.3404 0.1040 24.5525 0.1740 5.0798 0.0361
27.23 114 4833.5685 0.1076 25.3789 0.1814 5.2506 0.0376
29.87 129 4833.5938 0.1158 27.3403 0.1943 5.6563 0.0403
35.90 164 4833.5466 0.1324 31.1901 0.2245 6.4528 0.0466
40.50 192 4833.1579 0.1529 35.8175 0.2648 7.4108 0.0550
50.03 255 4833.3704 0.2089 46.5021 0.4065 9.6211 0.0845
56.41 301 4833.4711 0.2573 53.7917 0.5540 11.1290 0.1152