#V_bias (V)   V_buio (milliV)   Ch   err_Ch   FWHM   err_FWHM
10.86 94 4837.19 0.044 12.7767 0.11
15.47 113 4837.55 0.038 11.3971 0.098
20.41 126 4837.7 0.378 11.3792 0.0966
30.58 152 4837.15 0.0266 9.73558 0.06177
25.57 142 4836.82 0.02877 10.2233 0.0667
36.01 165 4837.67 0.0436 12.6637 0.105
40.76 176 4837.77 0.0464 13.3592 0.1139
45.45 185 4836.75 0.0305 10.6698 0.0706
52.83 201 4836.9 0.0329 11.2766 0.07751
61.65 217 4837.05 0.03208 10.8946 0.07786
27.94 155 4836.45 0.0279 10.0357 0.0642
22.56 145 4836.96 0.02911 10.2523 0.07012
32.57 167 4836.82 0.02787 9.97867 0.0667216
31.25 166 4837.57 0.029187 10.3525 0.0688817
32.21 169 4836.53 0.0266116 9.70467 0.0617438
30.99 168 4837.94 0.0391765 11.6979 0.0961402
