0
0
0
0
0
0
0
0
0
0
0
0
0
0
0
0
0
0
0
0
0
0
0
0
0
0
0
0
0
0
0
0
0
0
0
0
0
0
0
0
0
0
0
0
0
0
0
0
0
0
0
0
0
0
0
0
0
0
0
0
0
0
0
0
0
0
0
0
0
0
0
0
0
0
0
0
0
0
0
0
0
0
0
0
0
0
0
0
0
0
0
0
0
0
0
0
0
0
0
0
1
0
0
0
0
0
0
0
0
0
0
1
0
0
0
0
0
0
0
0
0
0
0
0
0
0
0
0
0
0
0
0
0
1
4
8
24
94
216
449
766
1035
1346
1558
1655
1716
1690
1757
1757
1925
1832
1813
1891
1701
1664
1538
1530
1457
1384
1453
1429
1450
1389
1391
1415
1408
1411
1538
1417
1491
1428
1420
1415
1447
1452
1388
1271
1331
1364
1318
1209
1132
1149
1116
1130
1120
1109
1005
1029
1007
1021
987
1045
986
994
1010
1015
1047
968
1034
920
928
906
884
897
937
858
876
830
846
824
855
860
804
816
745
774
768
774
805
754
790
746
698
680
725
687
704
728
684
690
683
658
684
659
708
668
620
645
631
622
597
603
652
581
633
618
621
593
591
575
556
554
526
560
504
525
540
527
580
578
539
520
553
499
489
508
502
509
494
526
513
490
471
468
481
480
415
449
438
459
448
456
432
415
419
443
466
440
440
444
460
477
410
416
421
396
388
394
414
383
403
360
379
360
415
361
397
358
329
341
377
370
340
351
369
313
371
367
340
330
388
358
363
329
314
318
328
335
352
323
334
307
318
333
300
283
293
306
297
311
292
281
308
285
306
285
266
303
253
288
280
270
253
252
228
275
240
242
245
211
242
257
237
242
250
233
214
204
232
221
215
260
228
231
208
210
194
227
214
203
218
218
209
183
209
195
215
202
206
203
190
204
180
157
184
192
163
208
176
155
163
191
153
157
141
164
137
163
185
179
177
146
176
165
168
171
163
181
150
150
154
158
148
164
156
130
162
144
149
135
149
146
151
146
141
120
152
127
144
146
121
123
131
126
123
141
117
135
128
109
116
104
116
122
116
122
105
118
92
109
115
99
101
96
102
98
83
116
96
101
112
102
90
99
112
85
101
80
108
90
98
92
111
74
96
100
100
87
92
104
91
76
89
83
86
92
83
75
79
81
89
87
81
85
81
73
79
89
77
60
75
74
68
67
83
76
73
62
65
86
73
71
65
78
68
72
80
60
63
61
80
70
78
69
62
63
66
58
69
63
50
52
57
64
50
67
57
70
45
59
68
63
49
58
60
43
54
55
46
55
51
49
75
46
49
37
51
44
51
50
52
45
54
47
53
42
58
61
34
49
38
58
41
37
48
49
38
51
42
41
47
33
42
39
44
49
44
51
41
33
36
32
56
32
30
46
38
44
40
37
46
41
47
45
29
38
41
36
35
38
34
37
35
25
26
29
18
23
31
27
29
20
39
28
24
42
30
39
20
31
32
37
34
36
27
29
30
24
32
22
20
20
27
28
21
27
34
24
29
25
25
26
20
20
22
21
22
20
23
19
16
23
11
22
24
28
21
16
23
15
22
16
16
16
13
22
17
21
19
18
24
14
15
17
16
24
14
27
20
18
21
18
21
24
15
18
19
12
18
17
16
18
14
24
10
18
18
15
13
10
20
21
21
10
21
21
16
14
15
9
9
13
24
9
12
18
16
15
15
8
14
8
16
10
20
13
11
9
14
14
14
9
13
12
12
15
14
21
12
13
16
8
9
12
13
9
6
11
10
17
7
16
10
20
15
17
12
10
7
6
8
15
14
8
10
10
11
3
4
8
10
13
12
6
11
12
8
10
7
5
5
16
9
8
6
9
10
10
7
8
6
10
7
10
13
13
8
9
9
9
11
4
9
11
7
8
8
9
14
6
8
6
5
7
7
1
10
8
11
5
10
5
6
7
3
10
6
7
4
6
6
9
5
2
1
8
7
4
8
7
7
7
3
5
9
9
5
8
2
3
6
8
4
5
5
4
5
4
6
3
6
5
4
3
2
3
8
4
2
7
5
5
2
4
7
8
7
5
3
7
8
1
10
4
8
3
4
6
8
9
8
6
3
2
7
5
2
4
4
4
1
4
0
2
4
4
3
3
4
3
2
3
1
4
1
7
2
3
1
2
5
3
1
3
4
3
4
3
9
2
5
2
4
5
2
2
7
1
1
1
2
2
3
4
0
5
2
1
3
4
2
1
1
2
6
6
1
5
2
2
3
2
4
5
5
2
0
3
5
3
2
2
5
3
1
3
4
1
0
5
4
1
0
1
2
1
3
0
2
5
2
5
3
3
3
2
3
0
2
2
2
2
2
1
2
1
2
3
3
5
1
2
3
1
1
2
1
1
1
3
3
1
3
1
2
3
2
1
2
2
1
0
3
1
3
2
1
1
5
3
0
1
0
2
4
1
1
2
3
0
0
0
1
0
3
2
2
2
1
3
2
3
0
1
2
0
0
3
1
2
0
2
1
0
2
1
0
3
2
0
0
5
2
0
1
1
2
0
1
3
1
6
0
0
2
0
0
1
2
1
0
1
0
0
0
2
0
0
1
1
0
4
0
0
2
4
2
0
1
2
2
4
0
0
1
1
0
2
1
2
2
0
0
1
1
0
0
0
0
0
1
0
0
1
0
1
1
0
2
1
0
0
1
1
0
2
2
1
0
0
0
0
2
0
1
0
0
3
1
1
0
1
2
2
0
0
0
2
1
1
0
0
0
0
0
0
0
1
0
0
0
1
0
1
0
0
0
0
0
1
1
0
0
0
0
0
1
0
1
0
0
0
0
1
0
0
1
2
0
0
0
0
2
0
2
0
2
0
0
0
3
0
0
1
2
1
0
0
1
0
3
1
0
0
0
1
1
2
0
1
2
1
0
1
0
0
1
0
0
1
0
0
0
0
1
1
1
0
1
0
1
1
3
3
1
0
1
0
1
1
0
0
1
0
1
0
0
0
0
0
0
0
0
0
0
0
0
0
0
0
0
0
0
0
0
1
0
0
0
0
0
1
1
2
0
0
1
0
0
0
1
5
1
0
0
1
0
0
2
0
0
0
0
1
0
0
1
0
0
0
0
0
1
0
0
1
0
0
0
2
0
0
1
1
0
0
1
0
0
0
0
0
0
0
1
0
0
3
1
0
0
0
1
0
0
0
1
2
0
1
2
0
0
1
0
1
0
0
0
2
1
0
0
0
0
0
1
0
2
0
0
0
0
2
0
0
1
0
2
0
0
0
0
0
0
0
0
0
0
0
0
1
2
0
0
0
1
0
0
0
0
0
0
0
0
0
1
0
0
0
0
0
0
1
0
1
1
1
0
0
0
0
0
1
0
0
0
0
0
0
1
1
0
0
0
0
0
0
0
0
1
0
1
0
0
1
0
0
1
0
0
0
0
1
0
1
0
0
0
0
0
0
0
0
0
0
0
0
0
0
0
0
0
0
0
0
0
0
0
0
0
0
0
0
1
0
0
0
0
1
1
0
0
0
1
0
2
1
1
0
0
0
0
0
1
0
0
0
0
0
0
0
0
0
0
0
0
0
0
1
2
0
1
0
1
1
0
0
0
0
1
0
0
0
0
0
0
0
0
1
0
0
0
1
0
0
0
0
0
0
0
0
1
0
0
1
0
0
0
1
0
0
0
1
0
0
0
0
0
1
1
0
2
1
0
0
0
0
1
0
0
0
0
0
0
0
0
1
0
0
1
0
0
0
0
1
0
0
0
0
1
1
0
0
0
0
0
0
0
0
0
1
0
0
0
2
0
1
0
0
1
0
0
0
0
1
2
0
0
0
0
1
0
1
1
0
0
0
1
0
2
0
0
0
1
1
0
1
0
0
1
0
0
1
0
1
1
0
0
0
0
1
1
0
0
1
1
0
0
0
0
0
0
0
0
0
0
1
0
0
0
0
0
0
1
0
1
0
0
0
0
1
0
1
1
0
0
0
0
0
0
1
0
0
0
0
0
2
0
0
0
0
1
1
0
0
0
0
0
0
0
0
0
0
0
0
0
0
1
0
0
1
0
0
0
0
0
0
0
0
1
0
0
0
0
1
1
0
0
0
1
0
0
0
0
2
0
0
0
0
1
0
0
0
0
0
0
0
0
0
0
0
0
0
0
0
1
0
0
0
0
0
0
0
1
1
0
2
0
1
1
2
0
0
1
0
0
0
0
0
0
0
0
1
0
0
0
0
0
0
0
0
0
0
0
0
0
1
0
1
0
0
0
0
0
0
0
0
0
0
0
2
0
1
0
0
0
0
0
1
0
0
0
0
0
0
0
1
0
1
1
0
1
0
0
0
0
0
0
0
0
0
0
1
0
0
0
0
0
0
0
0
0
0
0
0
0
1
0
0
0
0
0
0
0
0
0
0
3
1
0
0
0
0
0
0
0
0
1
1
0
1
0
0
0
0
0
1
0
0
1
0
0
0
1
0
0
0
1
0
0
1
0
0
0
0
0
0
0
0
0
1
0
1
0
0
0
1
0
0
2
0
0
0
0
0
0
0
1
0
0
0
0
1
1
0
0
0
1
0
0
1
0
1
0
1
1
1
0
0
0
0
0
0
0
0
1
0
0
0
0
0
0
0
0
0
1
2
0
0
0
0
0
1
1
0
0
0
0
1
1
1
0
0
0
0
0
1
0
0
0
0
0
0
0
1
2
0
0
0
0
0
0
0
2
0
1
0
0
1
1
0
1
0
0
1
0
1
0
0
1
0
1
0
0
0
0
0
0
0
0
1
0
0
1
0
0
0
0
0
1
1
0
0
0
1
0
0
0
0
0
0
0
0
0
1
0
0
0
0
0
0
0
0
0
0
0
0
0
0
0
0
0
0
0
0
0
0
0
0
0
0
2
0
0
0
0
0
0
0
0
0
0
0
0
0
0
0
0
0
0
0
0
2
0
0
0
0
0
0
1
1
0
0
1
0
1
0
0
0
0
1
0
0
1
0
0
1
0
0
0
1
0
1
0
0
0
0
0
1
0
0
0
0
0
0
0
0
1
0
0
1
1
0
0
0
0
0
2
0
0
0
0
0
0
1
0
0
0
0
1
0
0
0
0
0
0
1
1
0
0
0
0
0
0
1
0
0
0
0
0
1
0
1
1
1
0
0
1
0
0
1
0
0
0
1
0
0
0
0
2
0
2
1
0
1
0
0
2
1
0
0
0
0
1
0
0
0
1
0
0
0
0
0
0
0
0
1
0
0
0
0
0
1
0
1
0
0
0
1
0
0
0
1
2
0
0
0
1
0
0
0
1
0
0
1
0
0
0
2
2
0
0
0
0
0
1
0
0
1
0
0
2
0
0
0
1
0
0
0
0
0
0
0
0
0
1
0
1
1
0
0
1
0
0
0
0
0
0
0
0
0
0
0
0
0
0
0
0
0
0
1
0
1
3
0
0
0
1
1
0
0
0
1
0
0
0
0
0
0
0
0
0
0
0
1
0
0
0
0
0
0
0
1
0
0
0
0
0
0
0
0
0
0
0
0
0
0
0
0
0
0
0
1
0
0
0
1
0
0
0
1
0
0
0
0
0
0
1
0
0
0
1
1
0
0
0
0
0
2
1
0
1
0
1
1
0
0
0
1
0
0
1
0
0
0
0
1
0
0
0
0
0
0
0
0
0
0
0
0
0
0
0
0
1
1
0
0
1
0
0
2
2
1
0
0
1
0
0
0
0
0
0
1
0
0
0
1
0
1
0
0
2
0
0
0
0
0
0
0
0
0
2
1
1
0
0
0
0
1
0
1
0
0
0
0
0
0
0
0
0
0
0
0
0
0
0
0
0
0
1
1
0
0
0
0
0
0
0
0
0
1
1
0
0
0
0
0
0
0
0
1
2
0
0
0
0
1
0
0
0
0
0
0
0
0
0
0
0
1
1
0
0
0
0
0
0
0
0
1
0
0
0
1
0
0
1
0
0
0
1
0
0
0
0
1
0
0
0
1
0
0
0
0
0
0
0
1
0
0
0
0
1
0
0
0
0
2
0
0
0
0
0
0
0
2
1
0
0
1
1
0
1
0
0
0
1
1
0
1
0
0
0
0
0
0
0
0
0
0
0
0
0
1
0
0
0
2
0
0
0
1
0
0
0
1
0
1
1
0
0
0
0
0
0
0
0
0
0
1
0
0
0
1
1
0
0
0
0
0
0
1
1
0
0
0
1
1
1
0
0
2
2
0
1
0
0
1
0
0
0
0
0
0
0
1
0
0
0
1
0
1
0
0
0
0
0
1
1
0
0
0
0
0
1
1
1
0
0
0
2
0
0
1
1
2
0
0
0
0
1
1
0
0
0
0
0
0
0
1
0
0
0
0
1
2
0
1
1
0
0
1
2
1
1
0
0
0
1
3
1
0
0
0
0
0
0
0
0
1
0
0
0
0
1
0
1
1
0
1
1
1
1
0
0
0
1
0
0
2
2
0
1
0
0
0
0
0
0
0
1
2
1
0
0
0
0
0
2
0
1
0
1
0
0
0
1
0
0
0
0
0
0
0
1
0
1
1
0
0
0
1
0
1
0
0
0
0
0
0
1
0
1
1
0
0
0
0
0
0
1
1
0
1
1
2
0
0
1
0
1
1
1
0
0
0
0
0
1
0
0
0
2
0
0
0
0
0
0
0
0
0
0
0
0
0
2
1
1
0
1
0
1
2
0
0
0
1
0
0
1
1
0
1
0
1
0
1
1
0
0
0
2
0
0
0
0
0
0
1
0
0
1
0
0
0
0
0
1
0
0
1
1
0
0
0
0
1
0
0
0
0
0
0
0
0
1
1
0
1
1
1
2
0
0
2
1
1
0
2
0
1
0
1
0
1
2
0
0
0
0
0
0
0
1
1
0
1
0
0
2
1
0
0
0
0
0
0
0
0
0
0
0
0
1
0
0
0
1
0
0
0
1
0
1
0
1
0
0
1
1
2
0
0
0
1
0
2
0
0
0
0
1
1
0
2
0
0
0
2
0
0
0
0
0
1
0
1
0
0
1
0
2
2
0
0
0
0
1
2
0
1
0
0
1
0
0
0
0
2
1
0
3
1
0
1
0
0
0
0
0
0
1
0
0
1
0
0
0
2
0
0
0
1
1
1
2
1
0
0
0
1
0
0
2
0
0
2
1
1
1
1
0
0
1
0
0
1
0
1
0
0
2
0
0
1
1
0
0
0
1
1
0
1
0
0
0
1
0
0
0
1
1
0
0
1
1
0
0
0
1
0
0
0
0
0
1
1
0
0
0
0
0
0
0
0
0
1
2
1
1
1
1
0
1
0
0
2
0
0
0
0
0
0
1
0
1
0
0
0
1
0
0
2
0
1
0
0
0
0
0
0
1
0
1
1
2
1
1
0
1
0
0
0
2
0
0
1
0
1
2
1
0
1
1
1
0
0
2
2
1
1
0
1
3
1
0
1
2
0
0
1
2
0
1
0
1
0
1
0
0
1
1
1
1
0
1
2
1
1
0
1
0
1
0
0
0
1
0
1
0
0
0
2
0
1
0
0
1
2
2
0
0
1
1
0
0
3
0
0
0
0
0
1
1
1
0
1
0
2
0
0
2
0
0
0
0
1
1
1
1
1
1
0
1
0
1
0
1
0
0
0
1
0
0
0
0
0
0
1
0
0
0
0
0
1
0
1
0
0
0
2
1
1
1
1
0
1
0
0
0
1
1
1
0
0
0
0
1
2
1
2
2
2
1
1
0
0
1
1
0
1
2
0
0
0
1
0
0
0
0
0
0
1
0
0
1
1
1
0
0
1
0
0
2
0
0
1
0
1
3
0
1
1
3
0
2
3
0
0
1
0
0
2
0
1
0
1
2
2
0
1
1
1
4
1
0
1
0
0
1
3
0
0
0
1
0
0
0
0
0
1
2
1
2
0
0
2
1
0
1
3
1
0
0
0
1
1
1
1
0
2
0
2
1
0
2
0
0
2
0
0
0
0
0
2
1
0
0
1
0
0
0
1
1
3
1
1
0
0
0
1
0
0
0
0
1
1
1
0
1
0
0
0
2
0
0
2
1
0
0
3
0
0
1
0
0
0
0
0
2
2
0
0
1
0
1
1
2
1
1
1
0
0
0
0
0
1
0
1
0
1
2
1
0
0
1
0
1
0
2
0
1
2
0
0
0
0
1
0
0
1
0
1
1
0
1
0
2
0
1
1
1
0
1
2
1
0
1
2
1
0
0
1
1
1
2
0
0
0
2
0
1
0
0
1
2
0
0
0
1
0
2
0
1
1
1
0
0
0
0
1
1
1
3
1
0
1
1
1
3
1
1
0
1
1
0
2
0
0
1
1
1
1
1
1
1
2
3
1
3
1
1
0
1
0
0
3
0
1
1
1
0
0
0
0
0
1
1
1
0
0
0
1
2
1
0
0
0
0
1
0
0
2
0
0
2
2
2
0
0
1
0
1
2
2
1
1
1
0
1
1
1
1
0
0
1
2
0
0
1
3
1
1
4
0
1
1
0
0
1
1
1
3
0
1
0
2
0
1
0
0
1
1
1
1
1
1
0
0
2
2
0
1
0
0
1
1
1
0
1
1
0
3
1
1
0
0
1
0
1
2
2
1
0
0
2
0
1
1
1
1
0
3
1
0
1
1
0
0
0
0
0
0
0
0
2
4
1
1
0
1
0
1
0
2
2
1
1
1
3
0
1
0
0
1
2
0
0
1
1
1
0
0
0
1
1
1
0
1
3
0
1
0
1
1
2
1
0
0
0
1
1
2
1
0
1
0
0
1
1
0
0
0
1
2
1
0
0
0
2
0
2
1
0
1
0
0
1
0
1
1
1
0
0
2
1
0
0
1
0
1
1
1
1
3
0
0
0
0
2
1
0
1
1
1
2
0
0
0
1
0
1
2
2
1
2
0
0
1
1
0
1
0
1
1
1
0
1
3
1
0
0
0
1
1
3
1
0
0
1
2
1
1
0
3
1
3
0
0
2
2
2
0
1
2
0
0
3
0
1
0
1
1
3
1
0
0
0
0
0
1
1
2
1
2
1
1
1
0
2
1
0
0
0
0
2
1
3
1
1
0
1
1
1
1
3
1
1
2
0
0
2
1
2
0
1
0
0
0
2
1
0
0
2
0
1
1
2
2
2
0
1
0
1
1
0
3
2
3
1
0
1
0
3
2
2
0
2
0
0
4
0
3
1
1
0
0
1
1
2
1
2
0
1
1
1
2
1
2
1
1
4
2
1
0
0
1
0
3
1
1
0
3
0
0
1
0
1
0
1
0
0
0
2
0
1
1
2
2
2
0
0
0
2
3
3
2
1
1
1
0
3
3
1
2
3
2
1
1
0
0
2
2
1
3
1
2
2
0
1
0
0
0
0
0
1
1
1
2
1
1
1
0
1
0
1
2
2
1
1
1
2
2
2
2
2
1
1
1
1
1
1
1
2
0
1
1
1
0
2
2
3
1
2
0
2
0
1
0
0
2
0
2
1
0
0
0
2
3
0
1
0
2
2
1
1
2
3
2
1
0
1
0
0
0
0
3
6
0
0
0
6
1
1
1
1
2
0
1
0
1
3
0
0
0
2
1
1
0
2
2
0
0
0
4
1
0
1
1
1
1
1
0
1
1
2
1
2
0
0
0
1
3
0
0
0
0
0
1
1
0
1
0
1
0
3
0
2
0
0
1
0
0
0
1
0
0
1
1
0
1
1
0
2
1
1
0
1
2
0
0
0
0
3
2
1
0
2
3
0
0
1
1
0
1
0
1
0
0
1
0
0
1
2
0
0
1
1
0
1
2
1
1
0
1
0
1
0
0
0
0
1
0
0
0
0
0
2
1
1
1
0
0
0
1
1
0
2
0
0
0
0
0
0
0
0
1
0
0
1
0
0
2
0
0
1
2
0
1
1
0
2
1
0
1
0
0
1
1
1
0
1
2
0
0
0
1
1
1
0
2
3
1
2
1
2
0
1
1
1
1
1
1
2
0
0
1
1
2
1
0
0
1
1
0
0
0
1
0
2
1
2
1
0
0
0
3
0
2
3
1
1
0
1
0
1
1
0
0
1
0
3
0
1
3
0
0
1
2
1
1
0
0
0
1
1
1
1
1
0
1
0
0
1
2
0
0
0
0
0
0
1
1
0
0
0
0
0
0
0
0
2
1
1
1
0
1
0
1
0
1
0
0
0
1
0
0
0
0
1
1
1
0
0
1
1
2
3
0
0
1
0
0
0
0
0
2
1
1
0
0
2
0
2
0
0
2
1
0
2
1
1
2
2
0
0
2
2
1
0
0
1
1
4
0
2
1
0
0
4
3
1
0
2
1
0
0
1
0
1
1
1
0
1
0
0
1
1
0
1
0
1
0
0
2
0
0
1
1
1
1
1
2
0
0
0
0
1
0
1
3
2
3
0
0
2
0
3
1
0
0
2
1
1
1
1
3
2
1
0
2
4
0
0
0
0
1
0
0
3
4
3
1
0
0
1
0
1
1
0
0
0
1
1
1
3
1
0
2
1
1
1
1
2
0
1
1
2
1
3
1
3
0
1
2
1
2
0
3
2
1
0
0
0
1
1
2
0
1
6
0
0
3
1
3
3
3
2
1
2
4
3
3
0
4
2
1
0
1
4
2
1
0
2
2
0
0
2
2
3
1
1
0
1
0
0
0
1
2
1
4
3
1
2
7
2
0
0
3
2
0
3
2
1
1
4
1
1
0
2
0
0
1
1
3
1
5
3
2
6
1
2
4
3
0
1
1
2
2
4
3
2
5
1
1
4
2
6
3
3
2
5
7
3
2
7
4
7
4
8
8
6
2
5
4
7
4
6
12
8
9
7
8
10
11
12
12
14
20
8
10
16
16
19
15
21
24
17
17
20
18
14
10
14
27
14
13
23
14
21
20
22
17
11
13
13
10
6
13
11
18
14
8
6
13
5
11
6
8
7
8
4
7
3
3
4
1
4
3
1
2
5
3
2
1
0
3
3
1
0
1
0
1
2
0
0
0
1
0
6
2
3
2
0
0
1
2
0
1
0
0
1
1
1
1
2
0
0
3
2
1
1
1
1
2
1
3
2
3
4
1
1
1
1
3
0
1
2
3
1
1
2
3
2
2
2
1
5
1
2
2
0
1
2
3
1
1
1
2
3
1
2
0
0
0
4
1
0
1
5
2
3
3
1
0
2
2
0
3
1
3
3
0
1
3
1
1
0
4
2
0
1
0
2
1
0
0
1
0
2
0
1
2
0
0
0
0
0
0
1
0
0
0
0
0
1
0
2
0
2
0
0
0
1
1
1
0
1
0
1
0
0
0
0
1
1
0
0
0
0
0
0
1
0
1
0
1
0
0
0
0
0
0
0
0
0
1
0
0
1
0
0
1
0
0
0
1
0
0
0
0
0
0
0
0
0
0
0
0
0
0
0
1
0
0
0
0
0
0
1
0
0
0
0
1
0
0
0
0
1
0
0
1
1
0
0
0
0
0
1
2
0
0
0
0
0
1
0
0
1
1
0
0
1
0
0
0
0
0
0
0
0
1
0
0
1
0
0
1
1
1
0
0
0
0
0
0
0
0
0
2
0
1
0
0
0
1
0
0
0
0
0
0
0
0
0
1
0
0
0
0
1
0
1
0
0
0
0
0
1
0
1
0
1
2
0
1
2
0
0
0
1
0
0
1
0
0
0
0
0
0
0
0
1
0
0
0
0
0
0
0
1
0
0
0
0
1
0
0
0
1
0
1
0
0
0
0
1
0
0
0
2
0
0
1
0
0
0
0
1
0
0
1
2
0
1
0
0
0
0
1
0
0
1
0
0
0
2
0
0
1
0
0
1
1
0
0
0
0
0
0
1
0
1
0
0
0
1
1
0
0
0
2
1
0
1
2
0
0
0
1
0
0
0
0
1
0
0
0
0
0
1
0
0
1
0
1
0
0
0
1
0
0
1
0
0
0
0
0
0
0
0
0
0
0
0
0
0
0
0
1
0
0
0
0
1
0
0
0
1
0
0
0
0
0
0
0
0
0
0
1
0
0
0
1
0
0
0
0
0
1
0
0
0
0
0
0
1
0
0
0
0
0
0
0
0
1
0
0
0
0
0
1
0
0
0
0
0
1
0
0
2
0
0
0
0
1
0
0
0
0
0
0
0
0
0
0
0
0
0
0
0
1
1
0
1
0
1
0
0
0
0
0
0
0
0
0
0
0
1
0
0
2
0
0
0
0
1
0
1
1
0
0
0
0
0
0
1
1
0
0
0
1
0
0
0
0
0
0
0
1
0
0
0
0
0
1
0
0
0
2
1
0
0
0
0
0
0
0
0
1
0
0
0
0
1
1
0
1
0
0
0
0
1
0
1
0
0
0
0
0
0
0
0
0
0
0
0
0
0
0
0
0
1
0
0
0
0
0
0
0
0
0
0
0
0
0
0
0
0
0
0
0
0
0
0
1
0
0
0
0
0
0
0
0
0
0
0
0
0
0
0
0
0
0
0
1
0
1
0
0
0
0
0
0
0
0
0
0
0
0
0
0
0
0
0
1
0
0
0
0
0
0
0
0
0
0
0
0
1
0
0
0
0
0
0
0
0
0
0
0
0
0
0
1
0
0
0
0
0
0
0
0
0
0
0
0
0
0
0
0
0
0
0
0
0
0
0
0
0
0
0
0
0
0
0
0
0
0
0
0
0
0
0
0
0
0
0
0
1
0
0
0
0
0
0
0
0
0
0
0
0
1
0
0
0
0
0
1
0
0
0
0
0
0
0
0
0
0
1
0
0
0
0
0
0
1
0
0
0
0
0
0
0
1
0
0
1
0
0
0
0
0
0
0
0
1
0
0
0
0
0
0
1
0
0
0
0
0
0
0
0
0
0
0
0
0
0
0
0
0
0
0
0
0
0
2
0
0
0
0
0
0
0
0
0
0
0
0
0
0
0
0
0
0
0
0
0
0
0
0
0
0
0
0
0
0
0
0
0
0
0
0
0
0
0
1
0
0
0
0
0
0
0
0
0
0
1
0
0
2
0
1
0
0
0
0
0
0
0
0
1
0
0
0
0
0
0
0
0
1
0
0
1
0
0
1
0
0
0
0
0
0
0
0
0
0
0
0
0
0
0
0
0
0
0
0
0
0
0
0
0
0
2
1
0
0
0
0
0
0
0
0
0
0
0
0
0
1
0
0
0
0
0
0
0
0
0
0
0
0
0
0
0
0
0
0
1
0
0
1
0
0
0
0
0
0
0
0
0
0
0
0
0
0
0
0
1
0
0
1
0
1
0
0
0
0
0
0
0
0
0
0
0
0
0
0
0
0
0
0
0
0
0
0
0
0
0
0
0
0
0
0
0
0
0
1
0
0
0
0
0
0
0
0
1
2
0
0
1
0
0
0
0
0
1
0
0
0
1
0
0
0
0
0
0
0
0
0
0
0
0
0
0
0
0
0
0
0
1
2
0
1
0
0
0
0
0
0
0
0
0
0
0
1
0
1
0
1
0
0
0
0
0
0
0
0
0
0
0
0
0
0
0
0
0
0
0
0
0
0
0
0
1
1
0
1
0
0
0
0
1
0
0
0
0
0
0
0
0
0
0
1
0
0
0
1
0
0
0
1
0
1
0
0
1
0
0
1
0
0
0
0
0
0
1
0
0
0
0
0
1
0
0
0
0
0
0
0
1
0
1
1
0
0
0
1
0
0
0
0
0
0
0
0
1
0
0
0
0
1
0
0
0
0
1
0
0
0
0
0
1
0
1
0
1
0
0
1
0
0
0
1
0
0
0
0
0
0
0
0
0
0
0
0
0
0
0
0
0
0
0
0
0
0
0
0
1
0
0
0
1
0
0
0
0
0
1
0
0
0
0
0
0
0
0
0
0
0
0
0
1
0
0
0
0
0
0
1
0
1
0
1
0
1
0
0
0
0
0
0
0
0
0
0
0
0
0
0
0
0
0
0
0
0
0
0
0
0
0
0
0
0
0
0
1
0
0
1
0
0
0
0
0
0
0
0
0
0
0
0
0
0
1
0
0
0
0
0
0
0
1
0
0
0
0
0
0
0
0
0
1
0
0
0
0
0
0
0
0
0
0
0
0
0
0
0
0
0
0
0
1
0
0
0
0
0
0
0
0
0
0
2
0
1
0
0
0
0
0
0
0
0
0
0
0
0
0
0
0
0
0
0
0
1
0
0
0
0
0
0
0
0
0
0
0
0
0
0
0
0
0
0
1
0
0
1
0
0
0
0
0
0
0
0
0
0
0
0
0
0
0
0
0
0
0
0
0
0
0
1
0
0
0
0
0
0
0
0
0
0
0
0
0
1
1
0
0
0
0
0
0
0
0
0
0
0
0
0
1
0
0
0
0
1
1
2
0
0
0
0
0
0
0
0
0
0
0
1
0
0
0
0
0
0
0
0
1
0
0
0
0
0
0
0
0
0
1
0
0
0
0
0
0
0
1
0
0
0
0
1
0
0
0
0
0
0
0
0
0
0
1
0
0
0
0
0
0
0
0
0
0
0
0
0
0
0
0
0
2
0
0
0
0
0
0
0
0
0
0
0
0
0
0
0
0
0
0
0
0
0
0
0
0
0
0
0
0
0
0
0
0
0
0
0
0
0
0
0
0
1
0
0
0
0
0
1
0
0
1
0
0
0
0
0
0
0
1
0
0
0
0
0
0
0
0
0
0
0
0
0
1
1
0
0
0
0
0
0
0
1
0
0
0
0
0
0
1
0
0
0
2
0
0
0
0
0
1
0
0
0
0
0
0
0
0
0
1
0
0
1
0
0
1
0
0
0
0
1
0
1
0
0
0
0
1
0
0
0
0
0
0
0
1
0
1
0
0
0
0
0
0
0
0
1
0
0
0
0
0
0
0
0
0
0
0
0
0
0
0
0
0
0
0
0
0
0
0
0
0
0
0
0
0
0
0
0
0
1
0
0
1
2
0
0
0
0
1
0
0
0
0
0
0
0
0
0
0
0
0
0
0
1
0
1
0
0
0
0
0
0
0
0
0
0
0
0
0
0
0
0
0
0
0
0
0
2
0
0
0
0
1
1
0
0
0
0
0
0
0
0
0
0
1
0
0
0
0
0
0
0
0
0
0
0
0
1
0
0
0
0
1
1
1
0
0
0
0
0
0
0
0
0
1
1
1
0
0
1
0
2
1
1
1
0
0
0
0
2
0
0
0
0
0
0
0
0
0
0
0
1
1
1
1
0
0
0
0
0
0
1
1
0
0
0
0
0
1
0
0
0
0
1
1
0
0
0
0
0
0
0
0
0
0
0
0
1
0
1
0
0
0
0
0
1
0
1
1
0
0
0
0
0
0
0
0
0
0
0
0
0
0
0
0
0
0
1
0
0
0
1
0
0
0
0
0
0
0
0
0
0
0
0
0
0
0
1
0
0
0
0
0
1
2
0
1
1
0
0
0
0
0
0
1
0
2
1
0
0
0
1
0
0
0
1
0
0
0
0
0
0
2
0
0
0
0
0
1
2
0
0
3
0
1
0
0
0
0
0
0
0
0
0
0
1
0
0
0
1
0
0
0
0
0
0
0
1
0
0
0
0
0
0
0
0
1
1
1
1
0
0
0
0
0
1
0
0
0
0
1
0
0
1
0
0
0
0
0
1
0
1
0
0
1
0
0
1
1
1
0
0
0
0
0
0
0
0
0
1
1
0
0
0
0
1
0
0
1
0
0
0
0
0
0
0
0
0
0
1
0
0
1
0
1
2
0
2
0
0
1
0
0
1
0
1
1
0
0
0
0
0
0
0
0
0
0
0
0
0
0
0
0
0
0
0
0
0
0
0
0
0
0
0
0
0
0
0
0
0
0
0
1
1
0
0
0
0
0
0
0
0
0
0
0
0
1
0
0
0
0
0
0
0
0
0
0
0
0
0
0
0
0
0
0
0
0
0
0
0
0
0
0
0
0
0
0
0
0
0
0
0
0
0
0
0
0
0
0
0
0
0
0
0
0
0
0
0
0
0
0
0
0
0
0
0
0
0
0
0
0
0
0
0
0
0
0
0
0
0
0
0
0
0
0
0
0
0
0
0
0
0
0
0
0
0
0
0
0
0
0
0
0
0
0
0
0
0
0
0
0
0
0
0
0
0
0
0
0
0
0
0
0
0
0
0
0
0
0
0
0
0
0
0
0
0
0
0
0
0
0
0
0
0
0
0
0
0
0
0
0
0
0
0
0
0
0
0
0
0
0
0
0
0
0
0
0
0
0
0
0
0
0
0
0
0
0
0
0
0
0
0
0
0
0
0
0
0
0
0
0
0
0
0
0
0
0
0
0
1
0
0
0
0
0
0
0
0
0
0
0
0
0
0
0
0
0
0
0
0
0
0
0
0
0
0
0
0
0
0
0
0
0
0
0
0
0
0
0
0
0
0
0
0
0
0
0
0
1
0
0
0
0
0
0
0
0
0
0
0
0
0
0
0
0
0
0
0
0
0
0
0
0
0
0
0
0
0
0
0
0
0
0
0
0
0
0
0
0
0
0
1
0
0
0
0
0
0
0
0
0
0
0
0
0
0
0
0
0
0
0
0
0
0
0
0
0
0
0
0
0
0
0
0
0
0
0
0
0
0
0
0
0
0
0
0
0
0
1
0
0
0
0
0
0
0
0
0
0
0
0
0
0
0
0
0
0
0
0
0
0
0
0
0
0
0
0
0
0
0
0
0
0
0
0
0
0
0
0
0
0
0
0
0
0
0
0
0
0
0
0
0
0
0
0
0
0
0
0
0
0
0
0
0
0
0
0
0
0
0
0
0
0
0
0
0
0
0
0
0
0
0
0
0
0
0
0
0
0
0
0
0
0
0
0
0
0
0
0
0
0
0
0
1
0
0
0
0
0
0
0
0
0
0
0
0
0
0
0
0
0
0
0
0
0
0
0
0
0
0
0
0
0
0
0
0
0
0
0
0
0
0
0
0
0
0
0
0
0
0
0
0
0
0
0
0
0
0
0
0
0
0
0
0
0
0
0
0
0
0
0
0
0
0
0
0
0
0
0
0
0
0
0
0
0
0
0
0
0
0
0
0
0
0
0
0
0
0
0
0
0
0
0
0
0
0
0
0
0
0
0
0
0
0
0
0
0
0
0
0
0
0
0
0
0
0
0
0
0
0
0
0
0
0
0
0
0
0
0
0
0
0
0
0
0
0
0
0
0
0
0
0
0
0
0
0
0
0
0
0
0
0
0
0
0
0
0
0
0
0
0
0
0
0
0
0
0
0
0
0
0
0
0
0
0
0
0
0
0
0
0
0
0
0
0
0
0
0
0
0
0
0
0
0
0
0
0
0
0
0
0
0
0
0
0
0
0
0
0
0
0
0
0
0
0
0
0
0
0
0
0
0
0
0
0
0
0
0
0
0
0
0
0
0
0
0
0
0
0
0
0
0
0
0
0
0
0
0
0
0
0
0
0
0
0
0
0
0
0
0
0
0
0
0
0
0
0
0
0
0
0
0
0
0
0
0
0
0
0
0
0
0
0
0
0
0
0
0
0
0
0
0
0
0
0
1
0
0
0
0
0
0
0
0
0
0
0
0
0
0
0
0
0
0
0
0
0
0
0
0
0
0
0
0
0
0
0
0
0
0
0
0
0
0
0
0
0
0
0
0
0
0
0
0
0
0
0
0
0
0
0
0
0
0
0
0
0
0
0
0
0
0
0
0
0
0
0
0
0
0
0
0
0
0
0
0
0
0
0
0
0
0
0
0
0
0
0
0
0
0
0
0
0
0
0
0
0
0
0
0
0
0
0
0
0
0
0
0
0
0
0
0
0
0
0
0
0
0
0
0
0
0
0
0
0
0
0
0
0
0
0
0
0
0
0
0
0
0
0
0
0
0
0
0
0
0
0
0
0
0
0
0
0
0
0
0
0
0
0
0
0
0
0
0
0
0
0
0
0
0
0
0
0
0
0
0
0
0
0
0
0
0
0
0
1
0
0
1
0
0
0
0
0
0
0
0
0
0
0
0
0
0
0
0
0
0
0
0
0
1
0
0
0
0
0
0
0
0
0
0
0
0
0
0
0
0
0
0
0
0
0
0
0
0
0
0
0
0
0
0
0
0
0
0
0
0
0
0
0
0
0
0
0
0
0
0
0
0
0
0
0
0
0
0
0
0
0
0
0
0
0
0
0
0
0
0
0
0
0
0
0
0
0
0
0
0
0
0
0
0
0
0
0
0
0
0
0
0
0
0
0
0
0
0
0
0
0
0
0
0
0
0
0
0
0
0
0
0
0
0
0
0
1
0
1
0
0
0
0
0
0
0
0
0
0
0
0
0
1
0
0
1
0
0
0
0
0
0
0
0
0
0
0
0
0
0
0
0
0
0
0
0
0
0
0
0
0
0
0
0
0
0
0
0
0
0
0
0
0
0
0
0
0
0
0
0
0
0
0
0
0
0
0
0
0
0
0
0
0
0
0
0
0
0
0
0
0
0
0
0
0
0
0
0
0
0
0
0
1
0
0
