0
0
0
0
0
0
0
0
0
0
0
0
0
0
0
0
0
0
0
0
0
0
0
0
0
0
0
0
0
0
0
0
0
0
0
0
0
0
0
0
0
0
0
0
0
0
0
0
0
0
0
0
0
0
0
0
0
0
0
0
0
0
0
0
0
0
0
0
0
0
0
0
0
0
0
0
0
0
0
0
0
0
0
0
0
0
0
0
0
0
0
0
0
0
0
0
0
0
0
0
0
0
0
0
0
0
0
0
0
0
0
0
0
0
0
0
0
0
0
0
0
0
0
0
0
0
0
0
0
0
0
1
2
7
8
45
97
193
390
623
917
1129
1316
1490
1540
1580
1702
1709
1663
1658
1795
1804
1817
1725
1819
1781
1639
1559
1490
1524
1485
1454
1454
1483
1336
1393
1417
1483
1328
1411
1507
1473
1473
1445
1474
1409
1372
1375
1386
1305
1290
1239
1177
1249
1185
1107
1102
1066
1040
998
1065
1064
1070
954
994
1018
955
907
964
956
968
924
918
932
936
897
884
864
858
913
888
840
790
812
816
905
815
731
803
791
751
740
730
792
741
719
697
735
691
714
684
722
661
687
630
676
629
650
667
687
625
648
633
632
606
618
571
604
608
581
596
570
586
542
592
595
649
583
521
522
532
564
572
546
522
485
580
461
442
472
474
507
474
476
495
531
479
491
472
486
491
467
458
446
455
444
426
462
446
411
399
442
442
408
432
434
440
412
399
426
404
378
393
427
388
366
399
394
360
386
368
410
400
386
335
352
342
356
352
370
375
334
321
297
331
339
313
331
317
336
324
327
334
313
341
326
290
319
278
266
283
271
268
298
307
288
284
299
266
294
246
301
287
266
263
258
266
241
254
249
252
226
231
228
238
227
230
220
239
227
245
256
233
207
216
222
212
217
215
198
209
206
183
206
211
199
215
212
202
200
182
183
216
191
198
211
188
178
225
207
180
195
185
164
185
202
171
175
170
179
173
167
183
172
160
172
202
159
160
160
117
148
152
168
146
151
166
159
144
117
121
157
147
153
136
153
134
141
129
156
109
134
130
135
128
137
136
135
119
119
125
124
123
115
114
102
116
109
120
113
103
103
113
101
98
94
120
108
95
96
112
121
128
94
100
104
94
99
100
83
112
90
79
81
101
86
91
78
88
106
102
105
98
91
79
87
90
95
87
88
73
75
73
96
81
78
84
65
75
97
80
80
86
67
66
63
81
72
62
77
77
76
62
84
68
53
63
67
66
62
60
72
64
46
59
80
56
63
61
71
76
63
60
59
64
52
65
60
56
58
50
75
44
52
57
63
70
53
57
69
36
53
64
56
48
43
51
45
43
46
56
58
43
43
42
50
41
47
50
61
39
45
45
58
43
28
48
36
48
41
42
41
38
35
41
41
42
44
44
44
35
37
28
33
44
39
40
38
52
30
47
38
32
37
37
41
35
38
27
37
34
37
32
48
28
24
23
35
41
34
32
31
33
24
29
34
23
22
25
34
27
19
33
25
32
25
39
26
31
40
28
23
36
33
21
25
25
36
22
22
25
19
28
25
19
25
26
39
16
20
23
28
20
19
22
22
20
23
24
21
12
20
17
23
18
18
20
20
25
24
25
10
14
23
14
13
22
18
16
22
27
20
19
12
16
14
17
19
15
20
13
16
28
18
22
17
12
9
19
14
9
13
15
21
10
17
17
12
21
22
8
15
17
18
12
11
16
10
10
15
9
10
11
9
12
17
10
17
8
12
9
18
7
6
10
4
10
9
9
7
6
10
9
12
9
11
5
8
11
9
6
8
14
16
7
10
15
12
11
9
9
11
9
9
9
12
11
8
8
8
6
6
4
9
12
9
6
11
10
7
8
6
7
9
4
16
9
11
7
7
16
6
7
8
4
6
5
4
5
5
2
5
5
6
2
9
6
8
10
3
7
7
11
5
6
6
8
8
7
8
8
7
7
6
5
7
9
10
6
7
1
4
6
5
4
6
8
6
6
4
12
7
6
3
6
5
7
3
9
5
2
6
7
11
4
11
5
8
4
1
2
3
4
8
4
4
3
3
7
5
6
2
5
8
6
0
5
4
6
4
3
3
4
6
5
8
3
3
2
3
1
5
4
3
1
1
3
1
5
0
1
4
4
6
5
3
8
3
2
3
6
8
3
3
4
2
3
5
4
1
4
0
4
2
1
7
3
2
0
2
3
2
4
3
2
1
0
1
4
3
2
3
2
1
4
5
5
2
1
1
9
0
3
2
1
2
1
1
1
4
5
2
2
1
2
8
1
5
4
3
4
3
2
3
2
1
2
3
4
3
0
1
1
0
4
3
0
3
0
2
2
2
1
4
3
2
3
1
0
6
1
4
0
2
2
2
2
2
1
3
2
2
1
2
1
1
4
3
0
0
2
3
3
3
0
2
0
0
2
2
1
4
3
1
3
3
1
3
4
0
1
0
0
0
2
2
0
3
2
1
0
1
1
1
1
4
1
1
3
0
2
0
1
1
2
1
2
0
2
0
3
2
1
3
3
2
0
0
0
0
1
1
1
0
1
1
2
1
0
1
2
1
2
1
0
1
0
0
0
2
1
0
1
0
0
3
3
2
0
1
0
0
0
1
3
1
0
0
1
1
3
2
0
0
1
0
1
0
1
1
1
0
2
0
1
0
1
1
5
0
4
1
2
0
0
1
1
0
1
2
0
1
1
2
2
2
1
2
1
0
0
0
1
1
2
0
0
0
0
0
1
2
0
2
1
1
1
0
1
0
1
2
1
1
0
0
1
2
0
1
2
1
0
0
3
0
1
0
0
1
2
1
0
0
1
2
0
1
1
2
0
0
1
0
1
0
1
0
0
2
0
4
0
1
0
0
1
1
1
0
0
0
2
1
0
2
1
0
0
0
1
1
0
0
1
0
1
0
0
0
0
1
1
0
1
1
2
1
0
2
0
0
1
0
2
3
1
0
0
0
0
1
0
1
0
1
0
0
0
1
1
0
0
0
0
0
0
1
0
0
1
0
0
0
1
1
1
0
0
0
0
0
3
1
0
0
0
2
0
0
0
0
1
0
0
1
1
1
0
0
0
2
2
1
0
0
0
0
0
1
0
1
0
0
1
0
0
0
0
2
1
1
1
0
2
1
0
0
1
0
0
1
0
3
0
0
1
2
0
0
0
0
0
0
0
0
0
0
1
0
0
1
1
0
1
0
1
0
0
0
1
0
1
0
2
0
1
1
1
0
1
0
1
1
0
1
0
0
0
0
1
0
0
0
0
0
1
0
2
2
0
0
0
0
1
0
0
2
0
0
0
0
0
1
0
0
2
0
0
0
0
2
0
0
0
0
0
0
0
0
1
0
0
0
1
0
0
0
0
0
1
0
0
1
0
0
0
0
0
1
0
1
0
1
1
0
1
0
0
0
1
0
0
1
0
0
0
1
0
0
0
0
1
0
1
0
0
0
0
0
0
0
0
0
0
2
0
0
0
1
0
0
0
1
0
0
0
1
0
0
0
0
0
0
1
0
0
2
1
0
0
0
0
0
0
0
0
0
0
0
0
0
0
1
1
1
0
0
0
0
0
0
0
0
1
0
1
1
2
1
0
0
1
1
0
0
0
0
1
0
1
0
0
0
0
0
0
0
0
1
0
0
0
0
0
1
1
0
2
0
0
0
1
0
0
0
0
0
1
0
0
0
0
1
1
0
0
1
0
0
1
0
0
0
0
0
0
0
0
0
0
0
1
1
0
0
1
0
1
0
0
0
0
0
0
0
0
0
0
1
1
1
1
0
0
0
0
0
0
1
0
0
0
0
1
0
0
0
0
0
0
0
1
2
1
0
1
0
0
0
0
0
0
0
0
0
0
1
0
0
1
0
0
0
1
0
0
0
0
1
0
0
1
0
1
1
0
0
0
0
1
0
0
0
0
0
0
0
1
1
0
1
0
0
0
0
0
0
1
0
0
0
0
0
0
1
0
1
0
0
0
1
0
0
0
0
0
1
0
0
0
0
1
0
0
3
0
0
0
0
0
0
0
0
0
0
0
0
1
0
0
0
0
0
0
0
0
1
0
0
1
0
0
1
0
0
0
1
0
1
0
0
0
0
0
0
0
1
0
0
0
0
1
0
0
0
0
0
0
1
0
0
0
0
0
0
1
0
0
0
0
0
0
0
1
0
0
0
0
0
0
0
0
0
0
0
2
0
0
0
0
1
0
1
0
1
0
0
0
0
0
1
0
0
0
0
0
0
0
0
0
0
0
2
1
0
0
0
0
1
0
0
0
0
2
0
0
0
1
0
0
0
0
0
0
1
0
0
0
0
0
0
1
0
0
0
1
0
0
1
0
1
0
0
0
1
1
0
1
0
0
0
0
1
0
1
0
0
1
0
1
0
3
0
0
0
1
1
0
0
0
1
0
0
0
1
1
0
1
0
0
0
0
1
0
1
0
0
0
0
0
0
0
0
0
1
0
0
0
0
0
0
0
0
0
0
0
1
0
0
0
0
0
0
0
0
0
2
1
0
1
0
0
1
0
0
0
0
1
0
0
0
0
0
0
1
0
0
0
0
0
0
0
0
0
0
1
1
0
0
0
0
0
1
0
0
1
0
0
0
0
0
0
0
1
0
0
0
0
1
0
0
1
0
1
0
0
1
0
0
2
0
0
0
1
1
0
0
0
0
0
0
0
0
0
0
0
0
0
0
0
0
0
0
1
0
0
1
0
0
0
1
0
0
0
1
2
0
0
0
0
1
0
0
0
0
0
0
0
0
0
0
0
0
0
0
0
2
0
1
0
1
0
0
0
1
0
1
1
0
0
0
0
1
0
0
0
0
0
1
0
0
0
0
1
0
0
0
0
1
1
0
1
1
1
0
1
0
0
1
0
0
0
0
0
1
0
0
0
0
0
0
0
0
0
2
0
1
0
1
0
0
0
0
1
1
1
0
0
0
1
0
0
0
1
0
0
1
0
1
2
1
0
1
1
1
0
0
1
0
1
0
0
1
0
0
0
0
0
1
0
0
0
0
0
0
0
0
0
0
2
0
0
1
0
3
0
0
1
0
0
0
0
0
0
0
0
0
0
0
0
0
0
0
0
0
0
0
1
1
0
0
0
0
0
0
0
1
0
0
1
0
0
1
0
0
0
0
0
0
0
1
0
0
0
0
0
0
0
0
0
0
0
0
0
0
0
0
0
0
0
0
1
0
0
0
1
1
0
0
0
1
0
0
1
0
0
1
0
0
0
0
0
0
1
0
0
0
0
1
1
0
0
0
1
0
0
0
1
1
0
0
2
1
0
1
0
0
0
0
2
0
1
0
1
1
1
1
0
0
0
0
0
0
1
0
0
0
1
0
0
1
0
1
0
0
2
0
0
0
0
0
0
0
0
0
0
0
1
0
0
0
0
0
0
1
1
0
1
0
0
1
0
0
0
0
0
0
0
0
0
0
0
0
1
0
0
2
1
0
0
0
0
0
0
0
1
0
0
0
0
0
0
0
0
0
0
0
1
0
1
0
0
0
0
0
0
0
0
0
0
1
0
0
0
0
0
1
0
0
0
0
0
0
0
0
0
0
0
0
0
0
1
0
0
1
0
0
0
0
0
0
0
0
1
0
1
2
0
0
0
0
0
0
1
0
0
0
0
1
0
0
2
0
1
1
0
0
1
0
0
1
0
0
1
0
1
0
1
1
1
0
0
0
0
0
0
1
0
0
0
0
2
0
1
0
1
0
0
0
0
0
1
0
0
0
0
2
1
0
0
0
0
0
0
1
0
0
1
1
0
1
0
0
0
0
0
1
0
0
0
0
0
0
1
1
0
1
1
0
1
0
0
0
0
0
0
1
0
1
1
0
0
0
0
1
0
0
1
0
0
0
3
0
0
0
0
0
0
0
1
0
0
0
0
1
0
0
0
0
1
0
0
0
1
0
1
0
0
0
1
0
0
0
0
0
0
0
0
0
0
0
1
0
1
0
0
0
0
1
0
0
1
1
0
1
2
0
0
0
1
0
0
0
0
0
0
0
0
0
1
0
0
0
0
1
1
0
0
0
0
0
2
0
0
0
1
0
1
0
0
0
0
0
0
0
0
1
0
0
1
1
0
0
2
0
2
0
0
0
0
0
0
0
2
0
0
1
1
0
1
0
1
0
0
0
0
0
0
0
1
1
0
0
1
0
1
0
0
0
0
0
0
1
0
0
0
0
0
1
0
0
0
1
0
0
0
1
0
0
0
0
2
0
0
0
1
0
0
0
0
0
1
1
0
0
1
1
1
1
0
0
0
0
0
0
0
0
0
1
0
0
0
0
0
0
0
0
0
0
0
1
1
1
0
1
0
0
1
0
0
0
0
0
1
1
1
0
1
1
0
0
0
2
0
1
0
2
0
1
0
1
0
0
0
1
0
0
0
0
0
1
0
0
0
0
0
2
1
1
0
0
0
1
1
0
0
0
0
0
1
0
0
0
0
0
0
0
2
0
1
1
0
1
0
0
1
0
0
0
0
0
0
1
2
0
0
0
2
0
0
0
0
0
0
0
0
1
0
0
2
0
0
0
0
1
1
0
0
0
1
1
1
0
0
0
1
0
1
0
0
0
0
1
0
0
0
0
1
0
1
0
0
0
0
0
1
0
0
0
0
1
0
0
0
0
0
0
0
1
2
0
2
0
1
0
1
0
1
1
0
0
2
1
0
0
1
0
1
1
1
1
0
0
0
0
1
1
0
2
0
0
0
1
0
1
0
0
0
0
0
0
0
0
1
2
1
0
0
1
0
1
0
0
1
0
0
0
0
2
0
0
0
1
1
1
0
0
1
0
0
0
0
1
0
0
1
0
0
2
0
0
0
0
0
0
1
0
0
0
1
0
0
0
1
0
0
0
0
0
0
1
1
0
1
0
0
0
1
1
0
0
0
2
1
0
0
0
0
0
0
0
1
1
1
0
0
1
0
0
0
0
0
1
0
0
0
0
0
1
0
0
1
1
1
0
2
0
0
1
0
0
0
2
1
2
3
0
1
0
1
0
0
0
0
0
0
1
0
2
1
0
0
1
0
0
1
0
1
0
0
1
1
1
1
1
0
0
2
1
0
0
2
0
0
1
0
1
0
1
2
1
0
0
2
1
0
0
1
0
0
1
1
1
0
0
2
0
0
1
1
1
0
1
0
0
2
0
0
0
0
0
1
1
0
0
1
1
0
1
0
1
0
0
1
0
1
1
0
1
0
0
0
1
0
0
0
0
1
0
0
1
1
2
0
1
0
1
0
0
0
2
0
0
0
1
1
0
0
1
2
0
0
0
2
3
0
0
0
1
0
2
2
0
0
1
0
0
0
0
1
0
1
0
2
0
1
0
0
0
0
0
0
0
0
1
1
1
0
1
2
2
0
0
1
0
0
0
0
0
0
1
0
0
0
0
0
2
0
2
2
1
0
0
1
1
3
2
1
0
0
0
0
2
2
0
1
3
0
0
1
0
3
1
0
0
1
1
0
1
1
1
0
0
0
1
0
0
2
1
1
3
0
1
0
2
1
0
0
1
0
1
0
2
3
1
0
0
0
0
0
0
1
0
0
2
1
0
0
1
0
0
1
1
1
1
0
0
1
0
0
0
0
1
1
0
1
0
0
3
0
0
2
0
0
1
1
1
0
1
1
0
1
1
1
1
1
0
0
1
0
2
1
0
0
1
0
0
0
1
0
1
1
2
0
0
0
1
0
0
0
0
1
1
1
2
0
0
0
1
0
2
0
1
1
0
1
2
1
2
3
2
0
2
2
1
2
1
0
0
0
2
0
2
1
0
1
1
2
1
0
0
3
0
1
2
1
0
0
0
1
0
0
2
0
0
1
1
1
0
1
2
2
0
1
0
1
0
0
0
0
0
0
0
0
0
1
0
0
0
2
2
0
1
0
1
0
0
0
3
1
0
1
2
1
0
1
0
0
0
3
1
1
1
0
1
1
1
1
2
2
2
0
0
1
1
0
0
0
0
1
1
2
0
0
1
1
3
0
2
1
1
2
1
2
0
0
1
0
2
0
0
0
1
2
2
0
0
0
1
1
0
1
1
1
1
0
0
3
0
0
1
0
1
2
0
1
3
0
0
2
1
0
1
0
1
2
0
1
0
0
0
1
1
2
1
2
0
1
1
0
1
1
0
0
0
1
1
0
0
1
1
0
0
0
1
1
2
2
3
1
1
1
1
0
0
1
0
2
1
1
0
1
3
1
0
3
1
0
0
0
1
0
2
2
1
2
0
1
0
1
2
0
1
3
2
3
0
3
1
0
3
0
0
0
1
0
1
2
2
1
0
1
0
1
0
1
0
1
1
0
0
2
2
0
2
2
0
4
1
1
0
2
1
1
0
1
1
4
2
1
2
1
0
0
0
3
1
0
2
1
0
1
0
0
0
1
1
1
1
2
0
0
1
0
2
0
0
0
0
1
1
1
1
1
0
0
1
4
0
0
0
0
2
2
2
5
2
0
1
4
0
2
0
0
2
0
1
1
1
1
2
0
1
0
1
2
3
1
0
0
2
1
0
1
1
0
1
1
1
0
1
1
2
0
1
1
1
0
2
0
2
1
1
3
1
1
1
0
0
2
1
0
1
0
0
1
1
1
1
3
0
3
0
0
1
1
1
0
0
0
0
0
1
1
1
1
2
4
1
1
0
2
0
2
0
1
0
1
1
0
2
0
1
1
2
0
3
1
2
0
1
0
0
0
1
0
2
3
0
0
2
3
1
2
1
2
0
0
0
0
2
0
2
0
1
0
0
0
0
0
1
1
0
1
1
1
0
0
0
1
0
2
2
1
0
1
2
1
1
3
0
3
3
1
1
0
0
1
0
2
2
0
1
1
1
0
1
0
0
0
2
0
2
1
1
0
1
0
0
1
0
1
2
0
1
1
0
1
2
0
0
1
1
0
1
0
1
1
1
0
2
1
2
0
1
0
0
0
1
1
2
1
3
0
0
1
4
2
3
0
2
1
2
1
1
1
3
1
1
0
1
2
1
0
2
0
2
3
2
0
1
1
2
0
1
2
0
0
1
3
0
0
3
2
2
0
0
1
0
2
3
1
1
0
0
0
0
2
2
1
1
3
3
2
1
1
0
1
0
0
0
1
2
1
0
1
1
1
4
0
4
0
0
0
2
2
1
3
1
0
2
1
2
2
0
0
1
0
1
1
1
0
2
0
0
0
1
2
0
3
1
2
0
1
2
1
2
1
1
0
1
1
0
2
1
1
5
0
1
2
2
2
0
0
1
1
1
0
2
0
2
2
3
1
2
2
3
0
1
0
1
1
1
0
1
0
0
3
0
1
2
0
1
1
0
1
2
2
2
2
2
2
2
1
3
1
0
1
0
0
1
3
0
2
0
3
1
0
1
1
2
5
1
2
2
1
1
3
1
2
0
1
3
2
2
0
3
6
0
0
0
2
1
1
2
2
0
0
2
0
0
0
2
1
1
6
1
3
3
3
1
2
1
2
0
0
3
3
1
1
4
1
1
1
2
1
1
5
2
0
0
2
0
1
0
0
1
0
2
1
0
1
2
1
1
0
1
1
1
2
0
1
0
0
0
0
1
2
1
0
4
2
3
1
2
0
0
0
0
0
1
1
1
2
0
0
1
1
0
1
3
0
2
1
3
1
2
1
0
1
0
2
2
3
0
1
0
1
1
3
1
1
0
0
0
1
0
2
2
1
0
1
1
0
3
0
1
1
0
0
1
3
1
0
0
1
0
3
2
1
0
0
1
0
1
2
0
0
2
0
0
0
0
2
1
1
0
1
1
1
1
0
2
0
0
1
1
0
1
0
2
2
0
0
1
0
1
0
1
0
1
1
2
0
0
0
1
0
1
0
2
1
2
0
1
0
0
1
0
1
1
1
0
0
2
0
0
0
0
1
1
1
2
1
0
0
0
1
1
1
0
1
3
1
1
1
0
1
2
0
1
0
1
1
2
0
1
1
0
0
0
0
1
0
0
0
1
1
0
1
1
3
1
0
0
1
1
1
0
0
1
0
1
1
1
0
0
0
0
1
1
1
0
0
1
0
0
1
1
0
0
1
2
0
1
1
0
0
1
1
2
1
0
0
1
0
0
3
1
0
0
0
0
0
2
0
1
1
0
0
1
1
0
0
1
3
0
0
0
1
0
0
0
0
0
1
2
2
1
0
0
1
0
1
0
1
0
2
0
0
0
2
0
0
1
1
0
0
1
0
1
0
3
0
0
1
1
2
1
1
1
0
0
3
1
1
0
2
0
0
0
0
0
0
3
0
2
2
3
1
2
0
3
1
1
0
1
1
2
2
1
0
0
0
0
0
0
0
0
1
1
0
3
0
1
1
1
1
0
2
0
2
0
0
0
0
0
2
2
1
1
0
2
0
1
0
1
2
1
2
0
2
1
1
0
0
1
1
2
0
3
3
1
1
0
2
3
1
1
0
1
0
1
1
0
0
1
1
2
1
3
0
3
1
0
0
2
2
2
0
0
3
0
1
2
1
0
0
1
3
0
0
1
4
1
2
6
0
1
0
2
0
1
1
4
0
2
1
0
1
3
0
2
0
1
2
1
1
4
2
0
0
0
3
2
1
3
1
0
1
1
1
2
1
0
0
2
1
2
0
4
2
1
2
1
2
1
2
1
0
1
4
4
3
3
3
1
3
2
1
0
2
1
1
5
1
3
2
1
2
1
2
2
3
2
2
0
0
2
1
1
3
1
5
1
4
4
2
2
3
3
2
2
5
2
7
4
2
7
2
3
2
0
3
3
7
3
5
3
7
3
5
4
6
5
6
10
4
2
8
9
8
9
10
8
6
8
6
8
15
16
7
18
12
12
12
13
9
11
18
25
21
14
14
27
15
10
15
22
9
16
15
23
23
17
18
20
13
11
13
12
16
8
11
14
17
6
16
5
10
8
13
7
6
4
5
2
1
5
2
3
4
3
2
2
3
2
3
2
2
3
1
0
0
1
1
2
0
1
0
3
3
1
0
1
1
0
0
0
1
0
0
1
1
0
1
0
1
2
0
2
1
0
0
3
0
1
0
0
2
2
1
1
4
1
1
2
2
0
2
0
3
3
2
2
0
1
2
4
2
3
5
4
3
2
3
2
1
1
2
0
3
4
4
4
5
3
2
3
3
4
2
2
2
7
6
0
6
2
2
4
4
0
5
5
2
2
4
3
4
3
3
6
4
0
3
3
3
1
3
1
2
1
3
0
2
3
2
2
0
1
1
1
0
1
0
1
1
1
1
2
0
1
1
0
1
2
0
0
0
0
0
0
1
0
0
1
0
0
0
0
2
0
2
0
1
0
0
0
0
0
0
0
0
0
0
0
0
0
0
0
0
0
1
1
0
0
1
1
0
0
0
0
0
0
0
0
0
0
0
0
0
0
0
0
0
0
1
0
0
1
1
0
1
0
1
0
0
0
1
0
1
0
0
1
0
0
0
0
0
0
0
0
0
1
2
1
0
1
0
0
0
0
0
0
0
0
0
0
0
0
0
0
0
0
0
1
0
0
0
0
0
0
0
1
0
1
1
1
0
0
0
0
0
0
1
0
0
0
2
0
0
0
0
0
0
0
0
0
0
0
0
0
0
0
0
0
4
0
0
0
0
0
0
1
0
1
0
0
0
0
0
0
0
0
0
1
0
0
0
0
0
0
0
0
0
0
0
0
0
0
1
0
0
0
0
0
1
0
1
0
1
0
0
0
0
1
0
0
1
0
0
0
1
0
1
0
0
0
0
3
0
1
1
1
0
0
0
1
0
0
0
0
0
0
1
0
0
1
0
0
0
1
0
0
1
0
0
0
0
0
1
0
0
0
0
0
0
1
0
0
0
0
0
0
0
0
0
0
2
0
1
0
0
0
0
0
1
0
0
1
3
0
0
1
2
0
1
2
0
1
0
0
0
0
1
0
0
0
0
0
0
0
0
0
0
0
0
0
0
1
1
0
0
0
1
0
1
0
1
1
0
0
0
1
1
1
1
0
1
1
1
1
0
0
2
1
1
0
0
0
1
0
0
2
0
0
0
0
0
0
0
0
0
0
0
0
0
1
0
0
0
1
0
1
1
0
2
1
0
0
0
1
1
0
0
1
0
0
0
0
0
0
0
0
0
0
0
0
0
0
0
0
1
0
0
0
0
0
0
0
0
0
0
1
1
0
0
0
1
0
0
1
1
1
0
0
1
1
1
0
0
0
0
1
1
0
0
1
0
0
0
0
0
0
1
0
0
0
1
0
0
0
1
1
0
0
0
0
2
0
0
1
0
0
1
0
0
0
0
0
0
0
0
0
0
0
0
0
1
0
0
0
0
0
0
0
0
0
0
0
0
0
0
0
0
0
0
0
0
0
0
1
0
0
1
0
0
0
1
0
0
1
0
0
0
1
0
0
0
0
0
0
0
0
0
1
1
0
0
0
0
0
0
0
0
0
0
0
0
0
0
0
0
0
0
0
0
1
1
0
0
0
1
0
0
0
0
0
0
0
0
0
0
0
0
0
0
0
0
1
0
0
0
0
0
1
0
1
0
0
0
0
0
0
0
0
0
0
0
1
0
0
0
0
0
0
0
0
0
0
0
1
0
1
0
0
0
0
0
0
0
0
0
0
0
0
1
0
0
1
0
0
0
0
0
0
0
0
0
0
0
0
0
0
0
0
0
1
0
1
0
0
0
1
0
0
0
0
0
0
0
0
0
0
0
0
0
0
0
0
0
0
0
0
0
0
0
0
0
0
0
0
0
0
1
0
1
0
0
0
0
0
0
0
0
1
0
0
0
0
0
0
1
0
0
0
0
0
1
0
0
0
0
0
0
0
0
0
0
0
0
0
0
0
0
1
0
0
0
0
0
0
0
0
0
1
0
0
0
0
0
0
0
0
0
0
0
0
0
0
0
1
0
0
0
0
0
0
0
0
1
0
0
0
0
0
0
0
1
0
0
0
0
0
0
0
0
0
0
0
1
0
0
0
0
0
0
0
0
0
0
0
0
0
0
0
0
0
1
0
0
0
0
0
0
0
0
0
0
0
0
0
0
0
0
1
0
0
0
0
0
0
0
0
2
0
0
0
0
0
0
0
0
0
0
0
0
0
0
0
0
0
0
0
1
0
0
0
0
0
0
0
0
0
0
0
0
0
0
0
0
0
0
0
0
0
0
1
0
0
0
0
0
0
0
0
0
0
1
1
0
0
0
1
0
0
0
1
0
0
0
1
0
0
0
0
0
0
1
0
0
0
0
0
0
0
0
0
0
0
0
0
0
1
0
0
0
0
0
0
0
0
0
0
0
0
0
0
0
1
0
1
0
0
0
0
0
0
0
0
0
0
0
0
1
0
0
0
0
0
0
0
0
0
0
0
0
0
0
0
1
0
1
0
0
0
0
0
0
0
0
0
0
0
0
1
0
1
1
0
0
0
0
0
1
0
1
0
0
0
0
0
0
0
0
0
0
0
0
0
0
0
0
1
0
0
0
0
0
0
0
0
0
0
1
0
0
0
0
0
0
0
0
0
0
0
0
0
0
1
0
0
0
0
0
0
0
0
0
0
0
0
0
0
0
1
0
0
1
0
1
1
0
0
0
0
0
0
0
0
0
0
0
0
0
0
0
0
0
0
0
0
1
0
0
0
1
0
0
0
0
0
0
0
0
0
0
0
0
0
0
1
0
0
0
0
0
1
0
0
0
1
0
0
0
0
0
0
0
0
1
0
0
0
0
1
0
0
0
0
0
0
1
0
0
0
0
0
0
1
0
0
0
0
0
0
0
0
0
0
0
0
0
0
0
0
0
0
0
1
0
0
0
0
0
0
0
0
0
0
1
0
0
0
0
0
0
0
0
0
0
0
0
0
1
0
0
0
0
0
0
0
0
0
0
0
0
1
0
0
1
0
0
0
0
1
0
0
0
1
0
1
0
0
0
0
1
0
0
1
0
0
0
1
0
0
0
0
0
0
0
0
0
1
0
0
0
0
0
0
0
0
0
0
0
0
0
1
0
0
0
0
0
0
0
0
0
0
0
0
0
0
0
0
0
1
0
0
0
0
0
0
0
0
0
0
0
0
0
0
1
0
0
0
0
0
0
0
1
0
0
0
0
0
0
0
0
0
0
1
0
0
0
0
0
0
0
0
1
0
0
0
1
1
0
1
0
0
0
0
0
0
0
1
0
0
1
0
0
0
0
0
0
0
0
0
0
1
0
0
0
0
0
0
0
0
0
0
0
0
0
0
0
0
0
0
0
0
0
0
0
0
0
0
0
0
1
0
0
0
0
0
0
0
0
0
0
0
0
0
0
1
1
0
1
0
1
0
0
0
0
1
0
0
1
0
0
0
0
0
1
0
0
0
0
0
0
0
0
0
0
0
1
0
0
0
1
0
0
0
0
1
0
0
0
0
1
0
1
0
1
0
0
0
1
0
0
1
0
0
0
0
1
0
0
0
0
1
0
0
0
0
0
1
0
1
0
0
0
0
0
0
0
0
0
0
0
0
0
0
1
0
0
1
0
0
1
0
0
0
0
0
1
0
0
0
0
1
0
0
0
0
1
0
0
0
0
0
0
0
0
0
2
1
1
0
0
0
0
0
1
0
0
0
0
0
0
0
0
0
0
0
0
1
1
0
0
0
0
0
0
0
0
0
0
0
0
0
1
0
0
1
0
0
0
0
1
0
1
0
0
0
1
1
0
0
0
0
0
0
0
0
0
0
0
0
0
0
0
1
0
0
0
1
0
1
1
0
0
0
0
0
0
0
0
0
0
0
0
0
0
0
0
0
0
0
1
0
0
0
0
1
0
0
0
1
0
0
0
0
0
0
0
2
0
0
0
1
0
0
0
0
0
0
0
0
0
0
0
0
1
0
0
0
0
0
0
0
1
0
1
0
0
0
0
1
1
0
0
0
0
1
0
0
0
0
0
0
0
0
0
0
1
0
0
0
1
1
0
1
0
1
1
1
0
0
0
0
0
0
0
1
0
0
0
0
1
0
0
0
0
0
1
1
1
0
0
0
0
1
0
1
0
0
0
0
0
0
1
0
0
0
0
1
0
0
0
0
0
1
0
1
1
0
0
0
0
0
0
0
0
0
0
0
0
0
1
1
0
0
0
0
0
0
0
0
1
1
1
0
0
0
0
0
0
2
0
0
0
0
1
0
1
0
0
0
0
0
0
0
1
0
0
0
0
1
0
0
0
0
0
1
0
0
0
0
0
0
0
0
1
0
0
0
1
1
1
0
0
0
0
0
0
0
0
1
1
0
0
0
0
1
0
0
0
0
0
0
0
0
1
1
0
0
1
0
1
0
0
1
0
0
0
0
0
0
0
0
0
1
0
0
0
1
1
0
0
0
0
0
0
0
0
0
0
0
0
0
0
0
0
1
0
1
0
0
1
1
2
0
0
0
1
0
0
0
0
0
1
0
0
0
0
2
1
0
0
0
0
0
0
1
1
0
1
0
0
0
0
0
0
0
0
0
1
0
0
0
0
0
0
0
0
1
0
1
1
1
0
1
0
0
2
0
0
0
0
0
1
0
0
0
0
0
1
1
0
0
0
0
0
1
0
0
2
0
0
0
0
0
2
0
0
0
0
1
0
0
0
0
0
0
0
0
0
0
1
0
0
1
0
0
0
0
0
1
0
1
0
1
0
0
0
0
0
0
0
0
2
0
0
2
0
0
0
0
0
0
0
0
0
1
0
0
0
0
0
0
0
0
1
0
0
0
0
1
0
0
0
0
0
0
0
0
0
0
1
0
0
0
0
0
0
0
0
0
0
0
0
0
0
0
0
0
0
0
0
0
0
0
0
0
0
0
0
0
0
0
0
0
0
0
0
0
0
0
0
0
0
0
0
0
0
0
0
0
0
0
0
0
0
0
0
0
0
0
0
0
0
0
0
0
0
0
0
0
0
0
0
0
0
0
0
0
0
0
0
0
0
0
0
0
0
0
0
0
0
0
0
0
0
0
0
0
0
0
0
0
0
0
0
0
0
0
0
0
0
0
0
0
0
0
0
0
0
0
0
0
0
0
0
0
0
0
0
1
0
0
0
0
0
0
0
0
0
0
1
0
0
0
0
0
0
0
0
0
0
0
0
0
0
0
0
0
0
0
0
0
0
0
0
0
0
0
0
0
0
0
0
0
0
0
0
0
0
0
0
0
0
0
0
0
0
0
0
0
0
0
0
0
0
0
0
0
0
0
0
0
0
0
0
0
0
0
0
0
0
0
1
0
0
0
0
0
0
0
0
0
0
0
0
0
0
0
0
0
0
0
0
0
0
0
0
0
0
0
0
0
0
0
0
0
0
0
0
0
0
0
0
0
0
0
0
0
0
0
0
0
0
0
0
0
0
0
0
0
0
0
0
0
0
0
0
0
0
0
0
0
0
0
0
0
0
0
0
0
0
0
0
0
0
0
0
0
0
0
0
0
0
0
0
0
0
0
0
0
0
0
0
0
0
0
0
0
0
0
0
0
0
0
0
0
0
0
0
0
1
0
0
0
0
0
0
0
0
0
0
0
0
0
0
0
0
0
0
0
0
0
0
0
0
0
0
0
0
0
0
0
0
0
0
0
0
0
0
0
0
0
0
0
0
0
0
0
0
0
0
0
0
0
0
0
0
0
0
0
0
0
0
0
0
0
0
0
0
0
0
0
0
0
0
0
0
0
0
0
0
0
0
0
0
0
0
0
0
0
0
0
0
0
0
0
0
0
0
0
0
0
0
0
0
0
0
0
0
0
0
0
0
0
0
0
0
0
0
0
0
0
0
0
0
0
0
0
0
0
0
0
0
0
0
0
0
0
0
0
0
0
0
0
0
0
1
0
0
0
0
0
0
0
0
0
0
0
0
0
0
0
0
0
0
0
0
0
0
0
0
0
0
0
0
0
0
0
0
0
0
0
0
0
0
0
0
0
0
0
0
0
0
0
0
0
0
0
0
0
0
0
0
0
0
0
0
0
0
0
0
0
0
0
0
0
0
0
0
0
0
0
0
0
0
0
0
0
0
0
0
0
0
0
0
0
0
0
0
0
0
0
0
0
0
0
0
0
0
0
0
0
0
0
0
0
0
0
0
0
0
0
0
0
0
0
0
0
0
0
0
0
0
0
0
0
0
0
0
0
0
0
0
0
0
0
0
0
0
0
0
0
0
0
0
0
0
0
0
0
0
0
0
0
0
0
0
0
0
0
0
0
0
0
0
0
0
0
0
0
0
0
0
0
0
0
0
0
0
0
0
0
0
0
0
0
0
0
0
0
0
0
0
1
0
0
0
0
0
0
0
0
0
0
0
0
0
0
0
0
0
0
0
0
0
0
0
0
0
0
0
0
0
0
0
0
0
0
0
0
0
0
0
0
0
0
0
0
0
0
0
0
0
0
0
0
0
0
0
0
0
0
0
0
1
0
0
0
0
1
0
0
0
0
0
0
0
0
0
0
0
0
0
0
0
0
0
0
0
0
0
0
0
0
0
0
0
0
0
0
0
0
0
0
0
0
0
0
0
0
0
0
0
0
0
0
0
0
0
0
0
0
0
0
0
0
0
0
0
0
0
0
0
0
0
0
0
0
0
0
0
0
0
0
0
0
0
0
0
0
0
0
0
0
0
0
0
0
0
0
0
0
0
0
0
0
0
0
0
0
0
0
0
0
0
0
0
0
0
0
0
0
0
0
0
0
0
0
0
0
0
0
0
0
0
0
0
0
0
0
0
0
0
0
0
0
0
0
0
0
0
0
0
0
0
0
0
0
0
0
0
0
0
0
0
0
0
0
0
0
0
0
0
0
0
0
0
0
0
0
0
0
0
0
0
0
0
0
0
0
0
0
0
0
0
0
0
0
0
0
0
0
0
0
0
0
0
0
0
0
0
0
0
0
0
0
0
0
0
0
0
0
0
0
0
0
0
0
0
0
0
0
0
0
0
0
0
0
0
0
0
0
0
0
0
0
0
0
0
0
0
0
0
0
0
0
0
0
0
0
0
0
0
0
0
0
0
0
0
0
0
0
0
0
0
0
0
0
0
0
0
0
0
0
0
0
0
0
0
0
0
0
0
0
0
0
0
0
0
0
0
0
0
0
0
0
0
0
0
0
0
0
0
0
0
0
0
0
0
0
0
0
0
0
0
0
0
0
0
0
0
0
0
0
0
0
0
0
0
0
0
0
0
0
0
0
0
0
0
0
0
0
0
0
0
0
0
0
0
0
0
0
0
0
0
0
0
0
0
0
0
0
0
0
0
0
0
0
0
0
0
0
0
0
0
0
0
0
0
0
0
0
0
0
1
0
0
0
0
0
0
0
0
0
0
0
0
0
0
0
0
0
0
0
0
0
0
0
0
0
0
0
0
0
0
0
0
0
0
0
0
0
0
0
0
0
0
0
0
0
0
0
0
0
0
0
0
0
0
0
0
0
0
0
0
0
0
0
0
0
0
0
0
0
0
0
0
0
0
0
0
0
0
0
0
0
0
0
0
0
0
0
0
0
0
0
0
0
0
0
0
0
0
3
