0
0
0
0
0
0
0
0
0
0
0
0
0
0
0
0
0
0
0
0
0
0
0
0
0
0
0
0
0
0
0
0
0
0
0
0
0
0
0
0
0
0
0
0
0
0
0
0
0
0
0
0
0
0
0
0
0
0
0
0
0
0
0
0
0
0
0
0
0
0
0
0
0
0
0
0
0
0
0
0
0
0
0
0
0
0
0
0
0
0
0
0
0
0
0
0
0
0
0
0
0
0
0
0
0
0
0
0
0
0
0
0
0
0
0
0
0
0
0
0
0
0
0
0
0
0
0
0
0
0
0
0
0
0
0
1
23
53
148
315
557
889
1168
1445
1572
1532
1749
1795
1722
1798
1855
1824
1760
1629
1680
1619
1551
1403
1396
1462
1359
1313
1391
1356
1258
1309
1361
1374
1413
1358
1426
1372
1342
1371
1424
1357
1356
1320
1258
1267
1181
1155
1194
1115
1095
1036
1074
993
1019
989
1007
982
978
943
978
956
980
938
963
994
934
936
915
946
892
852
895
961
834
835
845
826
778
769
797
809
797
795
747
769
729
712
693
739
697
696
710
655
684
701
709
692
691
624
642
585
613
629
664
657
595
601
617
613
572
582
591
581
548
541
548
548
529
536
560
548
626
549
501
465
487
542
468
545
510
492
491
499
507
490
505
534
481
477
444
513
440
457
480
461
418
440
476
463
469
435
434
436
436
412
405
406
353
405
384
441
398
340
393
422
369
388
370
397
370
364
359
359
360
346
375
345
353
321
344
329
311
338
344
330
348
344
342
348
292
327
318
335
319
314
335
316
278
320
289
321
280
282
284
251
268
292
290
292
233
287
295
245
274
262
262
280
253
238
229
243
264
251
229
266
214
201
232
225
252
214
230
218
233
215
213
235
209
214
214
191
232
191
214
218
188
207
188
219
212
189
194
189
205
195
211
169
183
184
185
186
183
173
173
176
178
155
198
182
172
168
170
163
162
178
159
157
151
147
186
139
150
127
144
153
155
157
145
146
142
136
150
163
154
127
135
146
141
121
136
137
102
123
111
124
129
131
121
121
113
129
122
120
115
123
121
131
112
94
99
113
129
106
102
125
129
92
111
116
115
105
119
103
90
94
104
100
91
119
89
78
97
83
112
88
104
92
108
84
92
78
84
99
92
89
86
100
95
94
84
74
90
81
95
83
82
72
85
65
89
73
62
79
82
56
93
73
94
77
78
72
78
56
80
55
62
73
73
81
61
60
66
73
71
64
63
58
44
53
67
72
64
51
76
54
68
76
65
60
58
50
44
61
63
66
53
58
57
55
48
54
53
43
57
40
38
57
60
50
54
46
51
52
53
48
39
40
46
35
49
46
42
46
52
40
45
37
41
38
42
49
47
41
40
40
48
31
36
50
42
34
36
36
32
41
41
42
40
36
38
27
27
34
34
38
26
40
26
39
33
29
30
28
34
36
31
25
27
28
24
26
33
37
30
31
27
26
33
42
26
41
33
39
23
22
36
27
35
21
34
24
27
27
29
28
29
25
19
22
28
22
16
24
32
24
25
25
22
26
22
25
25
19
25
22
19
14
15
30
22
18
28
28
23
16
23
26
16
17
20
13
19
11
16
23
17
24
24
21
30
20
14
16
23
22
29
22
8
15
17
18
19
19
20
16
21
18
19
14
17
16
11
12
12
14
17
14
23
18
14
11
20
13
19
10
8
16
11
16
20
17
10
16
6
15
15
12
12
13
13
11
9
13
9
13
14
18
17
13
15
6
10
11
12
20
8
6
11
9
12
14
8
13
11
8
14
6
9
20
14
12
9
8
16
13
12
16
10
10
7
6
9
15
9
10
5
8
8
11
11
4
11
10
10
9
6
6
8
7
11
2
9
6
8
17
8
6
7
9
8
5
8
6
3
7
1
8
7
4
9
5
7
9
6
7
6
8
6
13
9
12
6
2
5
9
1
6
8
5
3
3
7
7
8
3
11
14
9
8
10
4
5
9
7
5
6
5
3
6
5
2
9
4
6
5
1
5
8
6
3
5
5
11
6
4
4
1
4
2
5
6
4
5
10
4
3
7
4
6
5
4
5
4
4
7
1
4
4
2
5
4
7
3
2
5
3
7
5
3
5
1
1
4
5
1
4
7
1
6
1
4
3
1
5
3
3
0
4
2
5
1
4
3
8
1
3
2
4
1
3
0
1
1
1
3
2
3
0
6
1
2
4
1
2
4
2
1
2
2
0
0
3
1
2
2
3
1
1
3
3
1
2
0
3
5
3
1
0
4
3
2
0
3
2
3
1
2
3
4
2
5
1
2
5
2
1
1
5
2
1
2
2
2
3
3
0
1
3
0
4
1
0
2
0
3
2
1
1
1
3
1
0
2
2
1
3
1
3
1
2
3
1
3
4
1
0
1
2
0
4
2
1
2
1
2
1
3
2
2
1
0
4
0
0
1
1
3
0
1
0
0
0
3
0
0
1
1
3
1
0
3
2
1
1
1
0
1
2
3
0
0
1
1
1
1
1
1
1
1
1
1
0
3
0
0
1
4
0
1
1
1
1
1
0
3
2
0
1
0
0
2
1
1
1
0
2
0
2
2
1
1
2
0
1
0
4
2
2
0
0
1
1
2
1
0
1
2
0
1
2
1
0
2
1
2
1
1
0
0
0
0
2
0
1
2
2
2
2
1
0
3
1
0
1
2
0
0
0
3
1
0
0
0
0
0
0
1
0
0
2
0
0
0
0
2
2
1
0
0
0
0
0
1
1
0
0
2
1
1
2
0
0
1
0
1
0
0
0
0
1
0
1
0
2
1
0
1
0
0
1
3
1
0
0
1
1
1
0
1
0
1
1
0
0
0
1
1
0
0
0
1
0
1
2
2
0
0
1
0
0
1
0
1
0
1
0
0
1
1
0
0
0
1
1
0
0
0
0
0
1
1
0
0
0
1
0
1
2
0
0
0
0
0
0
2
0
0
1
0
0
2
0
0
1
2
0
0
0
0
0
2
1
0
1
1
0
1
1
0
0
0
0
1
0
0
1
0
0
0
0
1
1
0
0
0
0
0
1
1
1
0
1
1
0
0
2
0
2
0
0
1
0
0
0
0
4
0
0
0
1
1
0
1
0
0
1
1
0
0
0
1
1
0
0
0
0
0
0
0
0
2
0
0
0
0
2
1
0
1
4
0
0
0
0
0
1
0
1
0
0
0
0
0
0
0
0
1
1
0
0
1
0
0
0
1
0
1
0
1
0
0
1
0
0
0
0
0
0
0
2
1
1
0
0
0
0
0
0
1
0
0
0
1
0
1
0
0
0
0
1
0
0
0
0
1
0
1
0
1
0
0
0
0
0
1
1
0
0
0
1
0
0
1
1
0
1
1
0
0
0
0
0
0
1
0
0
1
0
1
0
0
0
0
2
0
0
2
0
1
0
0
0
0
0
1
0
0
0
0
1
0
1
1
0
0
0
1
0
0
0
0
0
0
0
0
0
2
0
0
0
0
0
0
0
0
0
1
0
0
0
2
1
0
0
0
0
0
0
2
0
0
1
1
0
0
0
1
0
0
0
1
1
0
1
0
0
0
1
0
0
0
0
0
0
0
0
0
0
0
0
0
0
0
0
0
0
1
0
1
0
0
1
0
0
0
0
0
0
1
0
0
0
0
0
0
0
0
1
0
0
1
0
1
0
0
0
0
0
0
0
0
1
1
0
0
1
0
0
0
0
0
1
0
0
0
0
0
1
1
0
0
1
0
0
0
0
0
0
0
1
0
0
1
0
0
1
0
0
0
0
0
0
0
0
1
0
1
0
0
0
1
0
2
0
0
0
0
0
0
0
0
1
2
1
0
0
0
0
0
1
0
0
0
0
0
0
1
0
0
0
0
0
0
0
0
0
0
0
0
0
1
0
0
0
0
0
0
0
0
0
0
1
1
0
0
1
0
0
0
0
0
0
0
2
0
0
0
0
0
1
0
0
0
0
0
0
0
0
0
1
0
0
0
0
0
0
0
0
0
0
0
0
0
1
0
0
0
0
0
1
0
1
1
0
0
0
0
0
0
0
0
0
0
0
0
1
0
0
1
0
0
0
0
2
0
0
0
0
0
1
0
0
0
1
0
0
0
1
0
0
0
1
1
0
0
1
0
1
0
0
1
1
0
0
0
1
0
0
0
1
0
0
0
0
0
0
1
0
0
0
0
0
1
1
0
0
0
0
1
0
0
0
0
1
0
0
1
0
0
0
0
0
1
0
0
0
1
0
0
0
0
0
0
0
0
0
0
0
0
0
0
0
0
0
0
0
0
0
1
0
0
0
0
0
1
0
0
0
0
0
0
1
1
0
0
0
0
1
0
0
0
0
0
0
0
1
0
1
0
0
0
0
0
0
0
0
0
2
0
1
0
0
0
0
0
0
0
1
0
0
2
0
0
0
1
0
0
0
0
0
0
0
0
0
0
0
0
0
0
0
0
0
1
0
0
0
0
0
0
0
1
0
1
0
0
0
1
0
0
0
1
0
0
1
0
0
0
0
1
0
1
0
0
1
1
0
0
0
0
0
0
0
0
1
0
0
0
0
0
0
0
1
0
0
0
0
0
0
1
0
0
0
0
0
0
1
1
1
1
0
0
0
0
0
0
0
0
0
0
0
0
0
1
0
0
0
0
0
0
0
0
1
0
1
1
0
0
1
0
0
1
2
2
0
0
0
0
0
1
0
0
0
1
0
0
0
1
1
0
0
0
1
1
0
0
1
1
0
0
0
0
0
0
0
1
0
0
0
0
2
1
0
0
1
0
0
2
1
0
0
1
0
0
0
0
0
2
0
0
0
0
0
0
1
0
0
0
0
0
0
1
0
1
0
0
0
1
0
0
0
1
0
1
0
0
0
1
0
0
0
1
0
0
0
0
0
0
0
0
0
0
1
0
0
0
1
0
0
1
0
1
0
0
0
0
0
1
0
0
0
0
0
1
0
0
1
0
0
0
0
0
0
0
0
1
0
0
0
0
1
0
0
1
0
1
2
1
2
0
1
0
0
0
0
0
0
0
0
0
1
1
0
0
0
0
1
0
1
0
0
0
0
0
0
2
0
1
0
1
1
0
0
0
0
2
0
0
0
0
1
0
0
0
0
0
0
0
0
1
0
0
1
0
0
0
0
0
1
0
0
0
0
0
0
1
0
0
0
1
1
0
0
0
0
0
0
0
0
0
0
0
1
0
0
0
1
0
0
0
0
0
0
0
0
0
0
1
0
1
0
1
0
1
1
1
0
0
0
0
0
1
0
0
1
0
1
0
0
0
0
0
0
0
0
0
0
0
0
0
0
0
0
0
1
0
0
0
0
0
0
0
0
0
0
0
0
1
0
0
0
0
0
0
0
0
0
0
0
1
0
0
0
0
0
0
0
0
0
0
1
0
0
1
0
0
0
0
0
0
0
0
0
0
1
2
0
0
0
0
0
0
0
0
0
0
0
0
0
1
0
1
1
0
1
0
0
1
1
0
1
0
1
0
0
0
1
0
1
0
1
0
0
0
0
0
0
0
0
0
0
0
0
0
1
0
0
1
1
0
0
0
0
0
0
0
0
0
0
0
0
0
0
0
0
0
0
0
1
0
0
0
2
1
0
0
1
0
1
1
0
0
1
0
0
0
0
0
0
0
0
0
0
0
0
0
0
0
0
0
0
1
0
0
0
0
1
0
1
1
0
0
0
0
1
0
0
1
0
0
0
1
0
0
0
0
0
1
2
1
0
0
1
0
0
0
0
0
0
0
0
0
0
0
1
0
0
0
0
0
0
2
0
1
0
1
0
0
0
0
0
1
0
0
0
1
0
1
0
0
0
0
0
0
0
0
1
0
1
1
0
1
1
1
0
0
0
1
0
0
0
0
0
1
0
2
0
0
0
0
0
1
0
1
1
1
0
0
1
0
1
0
0
0
0
1
0
0
0
0
0
0
1
2
0
1
0
0
0
0
1
0
1
1
0
0
0
2
0
2
0
0
0
1
0
1
0
0
0
0
1
2
1
1
1
0
0
0
0
0
0
0
0
1
0
0
1
0
0
0
0
0
0
1
0
1
0
0
1
0
0
0
0
0
0
0
0
0
0
0
0
0
0
0
0
0
0
0
0
0
0
0
0
0
1
0
1
0
0
2
0
0
0
1
0
0
0
1
0
0
0
0
0
0
0
0
0
1
0
0
1
0
0
0
0
0
1
1
1
0
0
1
0
0
0
0
0
0
0
0
0
0
0
2
1
0
0
0
1
0
0
1
0
1
0
1
0
0
0
0
0
0
0
0
1
1
1
0
0
1
0
0
1
0
0
0
0
1
0
0
0
0
1
0
1
0
0
1
0
0
0
0
0
0
0
1
1
0
0
0
1
0
0
0
1
1
0
0
1
1
0
0
1
0
1
0
0
3
2
0
1
0
0
0
0
0
0
1
1
2
0
1
0
1
0
0
0
0
0
0
1
0
0
0
0
0
1
0
0
0
0
0
1
0
0
1
0
1
0
0
0
0
2
0
0
1
0
0
3
0
0
0
0
0
1
1
1
0
0
0
0
1
0
1
0
1
0
0
0
0
0
1
2
1
1
0
0
3
0
0
0
0
0
0
2
0
1
1
0
1
1
0
1
0
0
0
0
0
1
2
0
0
1
0
0
0
0
0
0
0
1
0
1
0
1
0
1
0
1
1
1
0
0
0
0
0
0
2
1
0
0
0
0
0
0
0
2
0
1
1
0
0
1
0
0
0
0
0
0
1
1
1
0
3
1
1
1
1
0
0
0
0
1
1
0
0
0
0
0
0
1
0
1
0
0
1
0
0
2
0
1
0
0
0
0
0
0
2
0
0
0
0
0
0
1
1
0
0
0
0
1
1
1
0
0
0
0
0
0
0
0
1
0
1
0
0
0
0
2
1
0
1
0
0
3
1
2
0
0
0
0
0
0
1
0
0
0
1
1
1
0
1
0
1
1
1
0
1
1
2
1
1
1
0
0
1
1
0
0
0
0
0
0
0
1
0
1
0
1
0
0
1
0
0
1
1
0
0
1
0
0
0
1
1
1
0
0
1
1
0
2
0
0
0
0
0
0
0
0
0
0
0
0
1
0
0
0
1
1
0
0
1
0
0
0
0
0
0
0
0
1
0
1
0
1
0
0
1
0
1
0
0
0
0
0
0
0
0
0
0
0
1
0
0
0
0
0
2
1
0
1
1
0
0
0
0
0
0
0
1
0
0
1
0
1
0
0
0
0
0
0
0
0
0
0
2
1
0
0
1
2
2
0
0
1
1
0
0
0
0
1
0
1
0
1
1
0
0
0
2
2
0
0
0
1
0
0
0
0
2
0
0
0
0
0
0
0
0
0
1
0
0
0
2
0
0
0
0
1
0
1
0
0
1
0
0
0
1
1
0
1
2
0
0
2
1
1
1
1
1
1
1
1
0
1
0
1
0
0
1
0
1
0
0
0
1
1
0
0
0
1
1
0
0
0
0
2
1
1
0
0
0
0
1
1
0
1
0
0
0
0
3
0
0
1
0
2
0
0
0
0
1
1
0
0
0
0
1
0
1
1
0
0
0
0
0
0
2
1
0
1
0
1
1
1
1
2
0
0
0
1
0
0
0
1
2
2
2
0
0
1
2
1
0
2
1
1
0
1
2
3
0
1
0
2
2
0
1
1
1
1
0
0
1
0
0
1
0
1
0
1
0
0
2
0
0
1
1
1
1
0
0
1
0
0
0
1
0
1
1
0
0
0
1
3
0
0
1
2
0
2
0
1
0
1
0
1
0
1
0
1
1
1
0
1
1
0
1
1
0
1
1
0
0
0
3
3
1
1
1
0
0
0
2
1
1
1
0
1
1
1
0
0
0
0
0
2
2
0
0
2
0
1
1
0
1
1
1
0
0
0
1
0
2
0
1
0
1
1
1
0
0
1
2
1
0
0
1
2
0
0
0
0
0
2
1
1
1
0
2
0
1
1
0
1
0
1
1
1
0
2
0
0
1
2
1
0
0
0
1
0
1
2
0
0
0
2
1
1
1
3
2
1
0
1
3
1
0
1
3
0
0
1
2
2
1
1
1
2
2
0
0
1
0
1
2
1
1
0
2
0
0
1
0
0
0
2
0
1
0
1
0
1
0
0
0
1
0
1
0
0
0
2
0
1
0
1
1
0
0
1
0
0
1
1
1
2
0
1
3
2
1
2
0
3
0
2
1
2
1
0
1
0
2
0
2
2
1
1
1
0
0
0
1
2
0
1
2
0
0
1
3
0
3
3
0
0
0
1
0
1
2
0
2
0
0
1
0
1
0
1
1
0
0
0
0
2
3
0
1
1
2
2
2
2
1
1
0
1
0
1
1
2
2
0
0
0
0
5
3
1
0
1
0
1
1
0
0
0
0
2
3
0
0
1
0
0
1
1
0
2
0
0
1
1
0
0
1
1
0
0
1
2
0
0
0
0
0
3
0
1
1
0
1
1
2
0
1
0
1
1
1
0
0
1
0
3
1
0
0
0
0
2
1
2
1
0
2
1
1
2
1
1
0
0
0
0
2
0
2
0
1
0
5
1
0
2
1
3
2
1
4
2
0
1
0
1
1
2
1
0
0
2
2
1
2
0
0
0
1
1
0
2
1
1
2
0
0
1
1
0
1
1
0
2
1
4
0
2
0
1
1
1
0
0
0
1
2
2
0
2
0
0
1
1
0
0
1
0
3
0
1
0
1
1
1
0
0
1
1
1
1
2
0
1
1
1
0
0
0
2
3
0
0
0
0
2
3
0
1
0
4
1
0
0
3
1
3
2
2
0
0
1
1
2
0
0
0
0
1
1
0
0
2
1
1
1
2
0
0
1
0
0
1
0
1
2
0
1
1
0
0
1
2
0
0
0
0
0
1
1
2
2
0
0
0
1
0
1
1
0
0
1
0
1
0
0
1
2
2
1
0
0
0
2
0
3
0
1
0
1
0
0
1
0
1
1
1
0
0
0
0
0
1
0
1
1
0
0
0
0
2
0
0
1
0
0
2
0
1
1
1
1
0
1
1
0
2
0
0
1
1
2
0
0
0
1
3
0
0
2
0
0
0
1
0
1
0
0
0
1
1
0
0
1
0
3
0
1
3
1
1
1
1
1
0
1
1
0
1
2
0
0
1
2
2
1
1
1
0
0
3
1
0
0
2
3
3
1
2
2
0
1
1
0
2
2
1
1
0
1
0
2
1
1
0
0
0
3
2
0
1
2
3
1
0
0
1
0
1
1
0
0
1
2
1
0
0
1
2
1
1
0
0
2
1
0
1
1
0
1
0
1
1
2
3
1
4
2
0
0
0
0
2
1
2
3
1
0
1
0
2
1
1
0
4
2
1
1
2
1
2
2
2
2
2
2
1
0
3
0
1
0
0
1
1
1
3
1
1
0
0
2
2
1
0
2
1
2
0
0
0
2
2
1
1
0
1
1
2
1
3
2
1
1
2
0
0
1
1
1
3
0
2
2
1
0
3
0
0
3
3
0
2
2
0
0
2
4
1
0
1
1
2
0
0
0
1
2
1
1
0
1
0
0
1
0
2
1
0
0
1
2
1
3
1
0
0
0
0
2
0
0
1
3
2
0
1
1
1
2
2
0
1
1
0
0
2
1
1
0
2
2
3
3
2
2
0
2
1
2
3
0
0
1
2
1
2
0
2
2
0
1
3
1
1
1
0
1
3
0
0
3
1
1
0
0
0
0
3
1
0
1
1
1
1
3
0
0
1
0
3
2
2
0
0
0
1
2
1
1
1
1
0
0
2
2
0
0
1
0
0
0
1
2
1
0
1
0
2
0
1
0
0
1
1
1
1
0
0
1
0
0
1
0
0
0
0
0
0
1
1
0
0
1
2
1
0
0
1
0
0
0
1
2
2
1
0
1
0
0
1
0
1
1
1
0
1
0
1
1
0
0
1
0
3
0
0
1
1
0
0
0
0
0
0
1
0
0
0
1
0
1
0
0
1
0
1
2
1
1
1
0
0
0
1
1
0
1
0
0
0
0
1
1
2
0
0
0
0
0
0
0
2
3
1
2
2
0
1
3
1
2
1
1
0
1
0
0
1
2
0
1
0
0
1
1
1
0
0
1
1
0
0
0
1
1
1
1
0
2
1
1
2
1
2
0
2
2
0
1
0
1
0
1
1
1
1
0
1
0
1
1
0
1
1
1
0
2
1
0
0
0
0
1
1
3
0
1
0
1
2
0
1
1
0
0
0
0
2
0
1
0
1
1
0
2
0
0
0
0
2
2
0
0
1
3
0
1
0
0
0
1
2
0
0
1
1
2
1
1
2
0
2
2
2
2
0
1
0
0
0
0
1
2
2
3
2
3
2
0
2
2
0
1
2
2
2
0
2
2
2
0
3
0
2
1
0
1
3
1
2
0
2
0
0
1
3
0
1
0
2
0
4
1
1
0
0
2
0
0
2
0
0
1
0
1
2
0
1
0
0
1
1
0
1
2
3
0
0
1
1
2
0
0
3
2
3
0
0
1
1
2
4
2
0
0
3
2
0
3
0
0
1
2
0
3
1
3
1
2
0
1
1
1
0
1
4
1
1
0
1
1
1
1
1
0
3
2
0
1
3
2
1
4
3
0
0
0
1
0
2
2
0
1
2
1
2
0
3
0
1
2
2
0
0
1
4
2
0
0
2
1
2
0
1
3
3
2
1
0
1
2
3
0
4
1
0
5
4
7
2
3
2
1
1
1
2
2
0
0
3
0
3
3
3
3
4
0
2
5
2
3
3
5
2
4
3
1
4
3
3
7
1
5
6
4
5
5
6
5
3
4
5
3
3
6
8
6
13
5
9
5
9
9
8
8
9
10
7
13
7
12
14
21
10
16
18
17
16
18
30
14
14
20
22
21
17
16
13
21
21
18
18
12
20
13
8
13
21
10
12
12
16
7
11
8
13
9
12
7
4
4
4
6
3
2
2
8
4
1
3
3
4
0
0
0
4
1
3
3
3
0
2
0
1
2
1
0
0
2
1
1
0
3
1
0
2
5
2
0
2
0
3
4
0
1
3
4
2
2
4
1
3
3
4
2
1
3
1
1
2
5
3
1
2
3
2
3
2
6
1
1
3
3
5
3
2
5
3
2
1
8
2
3
2
5
3
4
4
5
5
2
5
5
4
4
8
4
5
5
6
10
4
1
4
6
5
2
5
8
13
5
2
7
1
8
8
6
4
3
4
7
5
9
8
5
2
3
5
5
3
5
5
2
2
5
1
0
4
3
2
2
0
2
3
1
1
2
0
1
0
0
1
1
1
0
0
1
0
0
0
0
1
0
0
2
0
0
1
1
0
1
0
0
0
0
1
1
0
0
0
0
0
0
0
0
0
0
0
0
1
0
0
0
0
0
1
0
1
0
0
0
0
0
0
0
0
0
0
0
0
0
0
0
0
2
0
0
0
1
0
1
1
1
0
0
0
0
0
0
0
1
0
0
0
2
1
0
1
0
0
0
0
0
0
1
1
0
0
0
0
0
0
0
0
1
0
0
0
1
0
0
0
0
0
1
0
0
0
1
0
0
0
2
0
0
0
0
0
0
0
0
0
0
0
0
1
0
0
0
0
0
0
0
1
0
1
0
0
0
0
0
0
0
0
1
0
1
1
1
0
1
0
0
0
0
0
0
0
1
2
0
0
0
0
1
0
0
1
0
0
1
0
0
0
1
1
0
0
1
0
0
1
0
1
0
0
0
2
0
0
1
1
0
0
1
0
0
0
1
1
0
0
0
0
0
0
1
0
0
1
0
0
0
0
0
1
1
0
0
1
0
0
0
0
0
1
0
1
0
2
0
0
0
0
1
0
1
1
0
0
0
1
0
0
0
0
0
0
0
1
0
1
1
0
0
0
0
0
0
1
1
0
1
0
0
0
0
1
1
0
0
0
0
0
0
1
0
0
0
0
0
0
0
0
0
0
0
0
1
1
0
0
0
1
0
0
0
0
0
1
0
1
1
1
0
0
0
2
1
1
0
0
1
0
0
1
2
0
0
0
0
0
2
1
2
0
0
0
0
0
3
0
0
2
0
0
1
0
0
0
3
1
1
1
0
0
1
2
0
0
0
0
1
0
1
0
0
0
0
0
0
0
0
0
0
1
1
1
0
0
0
0
1
0
0
0
0
0
0
2
0
0
0
0
0
0
0
0
0
0
1
0
1
2
1
2
0
0
0
0
1
1
1
0
0
0
0
0
1
1
1
2
0
0
0
0
0
0
0
0
0
0
1
0
3
2
0
2
0
1
1
1
1
2
1
3
0
2
1
2
1
0
1
2
0
1
0
1
1
3
0
0
0
0
0
0
0
0
0
4
1
1
0
0
1
1
0
0
1
0
1
0
0
0
0
1
0
0
0
0
0
0
0
0
0
0
0
0
0
0
0
0
1
0
0
0
0
0
0
0
0
0
0
0
0
0
0
0
0
0
0
0
0
0
0
0
0
0
0
0
0
0
0
0
0
0
0
0
0
0
0
0
1
0
0
0
0
0
0
0
0
0
0
0
0
0
0
0
1
0
0
0
0
0
0
0
0
0
0
0
0
0
0
0
0
0
0
0
0
0
1
0
0
0
0
0
0
0
1
1
0
0
0
0
0
1
0
0
0
0
0
0
0
0
0
0
0
0
0
0
1
0
0
0
1
0
0
0
1
0
0
0
1
0
0
0
0
0
0
0
0
0
0
1
0
0
0
1
0
0
0
0
1
0
0
0
0
1
0
0
0
0
0
0
0
0
0
0
0
0
0
0
0
0
0
0
0
0
0
0
0
0
0
0
0
0
0
0
0
0
1
0
0
0
0
1
0
0
0
0
0
0
0
0
0
0
0
0
0
0
0
0
0
0
0
0
0
0
0
0
0
0
0
0
0
0
1
0
0
0
0
0
0
0
1
0
0
0
0
0
0
0
0
0
0
0
0
0
0
0
0
0
0
0
0
0
0
0
0
0
0
0
0
0
0
1
0
0
0
0
0
0
0
0
0
0
0
0
0
1
0
0
0
0
0
0
0
0
0
0
1
0
0
0
0
0
0
0
0
0
0
0
0
0
0
0
0
0
1
0
0
0
0
0
2
0
1
0
0
1
0
0
1
0
0
0
2
0
0
0
0
0
0
0
0
0
0
0
0
0
0
0
0
0
0
0
0
0
0
0
0
0
0
0
0
0
0
0
0
0
0
0
0
0
1
0
0
0
0
0
1
0
0
0
0
1
0
0
0
0
0
0
0
0
0
0
0
0
0
0
0
0
0
0
0
0
0
0
0
0
0
0
0
0
0
0
0
0
0
0
0
0
0
0
0
0
1
0
0
0
0
1
0
0
0
0
0
0
0
0
0
0
0
0
0
0
0
0
1
0
0
0
0
0
0
0
0
0
0
1
1
0
0
0
0
0
0
0
0
0
1
0
0
1
0
0
0
0
0
0
0
0
0
0
0
0
0
1
0
0
0
0
0
0
0
0
0
0
0
0
0
0
0
0
0
0
0
0
0
0
0
0
0
1
0
0
0
0
0
0
1
0
1
0
1
0
1
0
0
0
0
0
0
1
0
0
0
0
0
0
0
0
0
0
0
0
0
0
1
0
0
0
1
0
0
0
0
1
1
0
0
0
0
0
0
0
0
0
1
0
1
0
0
0
0
0
0
0
0
0
0
0
0
0
1
0
0
0
0
0
0
0
0
0
0
1
0
0
0
0
0
0
0
0
0
0
0
0
0
0
0
0
0
0
0
0
0
0
0
0
0
0
0
0
0
0
0
0
0
0
0
0
0
0
0
0
0
0
2
0
0
0
0
1
0
0
0
0
0
0
0
0
1
0
0
0
0
0
0
0
0
0
0
0
0
0
0
0
0
0
0
0
0
0
0
0
0
0
1
0
0
0
0
0
0
0
0
0
0
0
1
0
0
0
0
0
0
0
1
0
1
0
0
1
1
0
1
0
0
0
0
0
0
1
0
0
0
0
0
1
0
1
0
0
0
0
0
0
0
0
0
0
0
0
0
0
0
0
0
0
0
0
0
0
0
1
0
0
0
1
0
0
0
0
0
0
0
0
0
0
0
0
0
0
0
1
0
0
0
0
0
0
0
0
0
0
0
0
0
0
0
0
1
0
0
1
0
0
0
0
0
0
0
0
0
0
0
0
0
0
0
0
1
0
0
0
0
0
0
0
0
0
0
0
0
0
0
0
0
0
0
0
0
0
0
0
0
0
0
0
0
0
0
0
0
0
0
0
0
0
1
0
0
0
0
0
0
1
0
0
0
0
1
1
0
0
0
0
0
0
0
0
0
0
1
1
0
0
2
0
0
1
0
0
0
0
0
0
0
0
1
1
0
0
0
0
0
0
0
0
1
0
0
0
0
0
1
0
0
1
0
0
0
0
0
0
0
1
0
0
0
0
0
0
0
0
1
0
0
1
0
0
0
0
0
1
0
0
0
0
0
1
0
0
0
1
0
0
0
0
0
0
0
0
0
0
0
0
0
0
0
0
0
0
0
0
0
0
0
0
0
0
0
1
0
0
1
0
0
0
0
0
0
0
0
0
0
0
1
0
0
0
0
0
1
0
0
0
0
0
0
0
0
0
0
0
0
0
0
1
0
0
1
0
0
1
0
0
0
0
0
1
0
0
1
1
0
0
0
0
0
0
0
1
0
1
0
0
0
0
0
0
0
0
0
0
1
0
1
0
0
1
1
0
0
1
0
0
0
0
0
0
0
1
0
0
0
0
0
2
0
0
0
1
0
0
1
1
1
1
0
0
0
0
0
0
0
0
0
0
0
0
0
0
0
0
0
0
0
0
0
1
0
0
0
1
0
0
0
0
1
0
0
0
0
0
0
0
0
0
0
0
0
0
0
0
0
0
0
1
0
1
0
0
1
0
0
0
1
0
0
0
0
0
0
0
0
1
0
0
0
0
0
0
1
0
0
0
0
0
0
0
0
0
0
0
0
0
1
1
0
0
1
0
1
1
0
1
0
0
0
0
0
1
0
0
0
1
0
0
0
0
0
0
0
1
1
0
0
0
0
0
0
0
0
0
0
0
0
1
0
1
0
0
0
0
0
0
0
0
1
0
0
0
0
0
0
0
0
0
0
0
0
0
0
1
0
0
1
0
0
0
0
0
0
0
0
0
2
0
0
1
0
0
1
0
0
0
0
0
0
0
0
0
0
0
0
0
0
0
0
0
0
0
0
0
0
0
0
0
0
0
0
0
1
0
0
0
0
0
0
0
0
0
0
0
0
1
0
0
0
0
0
0
0
1
0
0
0
0
0
0
0
0
1
0
0
0
1
0
0
0
0
0
0
0
1
1
0
0
0
0
0
2
0
2
0
0
0
0
0
0
0
0
0
0
0
0
0
0
0
1
0
0
0
0
0
0
0
0
2
0
0
0
1
0
0
0
1
1
1
0
1
0
0
0
0
0
1
0
0
0
2
0
0
0
1
0
1
1
0
0
0
1
2
1
0
0
0
0
1
0
1
0
0
0
0
0
0
0
0
1
0
0
0
1
2
0
1
2
1
2
0
2
0
0
1
0
0
0
0
0
1
0
0
1
0
0
1
0
0
1
0
0
1
0
0
0
0
1
0
1
0
1
0
0
0
0
0
0
0
1
0
0
2
1
1
1
0
2
1
0
0
0
2
0
0
2
0
1
0
1
1
0
0
2
0
1
0
1
1
1
2
0
1
1
0
1
2
3
0
1
1
2
0
2
3
0
0
0
0
2
2
3
0
1
0
1
0
0
3
2
1
0
1
2
0
0
0
0
0
0
0
0
0
0
2
0
1
1
0
2
1
0
0
1
1
0
0
0
1
0
0
1
0
0
0
0
0
0
0
0
0
0
0
0
0
0
0
0
0
0
0
0
0
0
0
0
0
0
0
0
0
0
0
0
0
0
0
0
0
0
0
0
0
0
0
0
0
0
0
0
0
0
0
0
0
0
0
0
0
0
0
0
0
0
0
0
0
0
0
0
0
0
0
0
0
0
0
0
0
0
0
0
0
0
0
0
0
0
0
0
0
0
0
0
0
0
0
0
0
0
0
0
0
0
0
0
0
0
0
0
0
0
0
0
0
0
0
0
0
0
0
0
0
0
0
0
0
0
0
0
0
0
0
0
0
0
0
0
0
0
0
0
0
0
0
0
0
0
0
0
0
0
0
0
0
0
0
0
0
0
0
0
0
0
0
0
0
0
0
0
0
0
0
0
0
0
0
0
0
0
0
0
0
0
1
0
0
0
0
1
0
0
0
0
0
0
0
0
0
0
0
0
0
0
0
0
0
0
0
0
0
0
0
0
0
0
0
0
0
0
0
0
0
0
0
0
0
0
0
0
0
0
0
0
0
0
0
0
0
0
0
0
0
0
0
0
0
0
0
0
0
0
0
0
0
0
0
0
0
0
0
0
0
0
0
0
0
0
0
0
0
0
0
0
0
0
0
0
0
0
0
0
0
0
0
0
0
0
0
0
0
0
0
0
0
0
0
0
0
0
0
0
0
0
0
0
0
0
0
0
0
0
0
0
0
0
0
0
0
0
0
0
0
0
0
0
0
0
0
0
0
0
0
0
0
0
0
0
0
0
0
0
0
0
0
0
0
0
0
0
0
0
0
0
0
0
0
0
0
0
0
0
0
0
0
0
0
0
0
0
0
0
0
0
0
0
0
0
0
0
0
0
0
0
0
0
0
0
0
0
0
0
0
0
0
0
0
0
0
0
0
0
0
0
0
0
0
0
0
0
0
0
0
0
0
0
0
0
0
0
0
0
0
0
0
0
0
0
0
0
0
0
0
0
0
0
0
0
0
0
0
0
0
0
0
0
0
0
0
0
0
0
0
0
0
0
0
0
0
0
0
0
0
0
0
0
0
0
0
0
0
0
0
0
0
0
0
0
0
0
0
0
0
0
0
0
0
0
0
1
0
0
0
0
0
0
0
0
0
0
0
0
0
0
0
0
0
0
0
0
0
0
0
0
0
0
0
0
0
0
0
0
0
0
0
0
0
0
0
0
0
0
0
0
0
0
0
0
0
0
1
0
0
0
0
0
0
0
0
0
1
0
0
0
0
0
0
0
0
0
0
0
0
0
0
0
0
0
0
0
0
0
0
0
0
0
0
0
0
0
0
0
0
0
0
0
0
0
0
0
0
0
0
0
0
0
0
0
0
0
0
0
0
0
0
0
0
0
0
0
0
0
0
0
0
0
0
0
0
0
0
0
0
0
0
0
0
0
0
0
0
0
0
0
0
0
0
0
0
0
0
0
0
0
0
0
0
0
0
0
0
0
0
1
0
0
0
0
0
0
0
0
0
0
0
0
0
0
0
0
0
0
0
0
0
0
0
0
0
0
0
0
0
0
0
0
0
0
0
0
0
0
0
0
0
0
0
0
0
0
0
0
0
0
0
0
0
0
0
0
0
0
0
0
0
0
0
0
0
0
0
0
0
0
0
0
0
0
0
0
0
0
0
0
0
0
0
0
0
0
0
0
0
0
0
0
0
0
0
0
0
0
0
1
0
0
0
0
0
0
0
0
1
0
0
0
0
0
0
0
0
0
0
0
0
0
0
0
0
0
0
0
0
0
0
0
0
0
0
0
0
0
0
1
0
0
0
0
0
0
0
0
0
0
0
0
0
0
0
0
0
0
0
0
0
0
0
0
0
0
0
0
0
0
0
0
0
0
0
0
0
0
0
0
0
0
0
0
0
0
0
0
0
0
0
0
0
0
0
0
0
0
0
0
0
0
0
0
0
0
0
0
0
0
0
0
0
0
0
0
0
0
0
0
0
0
0
0
0
0
0
0
0
0
0
0
0
0
0
0
0
0
0
0
0
0
0
0
0
0
0
0
0
0
0
0
0
0
0
0
0
0
0
0
0
0
0
0
0
0
0
0
0
0
0
0
0
0
0
0
0
0
0
0
0
0
0
0
0
0
0
0
0
0
0
0
0
0
0
0
0
0
0
0
0
0
0
0
0
0
1
0
0
0
0
0
0
0
0
0
0
0
0
0
0
0
0
0
0
0
0
0
0
0
0
0
0
0
0
0
0
0
0
0
0
0
0
0
0
0
0
0
0
0
0
0
0
0
0
0
0
0
0
0
0
0
0
0
0
0
0
0
0
0
0
0
0
0
0
0
0
0
0
0
0
0
0
0
0
0
0
0
0
0
0
0
0
0
0
0
0
0
0
0
0
0
0
0
0
0
0
0
0
0
0
0
0
0
0
0
0
0
0
0
0
0
0
0
0
0
0
0
0
0
0
0
0
0
0
0
0
0
0
0
0
0
0
0
0
0
0
0
0
0
0
0
0
0
0
0
0
0
0
0
0
0
0
0
0
0
0
0
0
0
0
0
0
0
0
0
0
0
0
0
0
0
0
0
0
0
0
0
0
0
0
0
0
0
0
0
0
0
0
0
0
0
0
0
0
0
0
0
0
0
0
0
0
0
0
0
0
0
0
0
0
0
0
0
0
0
0
0
0
26
