0   00
1800   01
3600   02
5400   03
7200   04
9000   05
10800   06
12600   07
14400   08
16200   09
18000   010
19800   011
21600   012
23400   013
25200   014
27000   015
28800   016
30600   017
32400   018
34200   019
36000   020
37800   021
39600   022
41400   023
43200   024
45000   025
46800   026
48600   027
50400   028
52200   029
54000   030
55800   031
57600   032
59400   033
61200   034
63000   035
64800   036
66600   037
68400   038
70200   039
72000   040
73800   041
75600   042
77400   043
79200   044
81000   045
82800   046
84600   047
86400   048
