0
0
0
0
0
0
0
0
0
0
0
0
0
0
0
0
0
0
0
0
0
0
0
0
0
0
0
0
0
0
0
0
0
0
0
0
0
0
0
0
0
0
0
0
0
0
0
0
0
0
0
0
0
0
0
0
0
0
0
0
0
0
0
0
0
0
0
0
0
0
0
0
0
0
0
0
0
0
0
0
0
0
0
0
0
0
0
0
0
0
0
0
0
0
0
0
0
0
0
0
0
0
0
0
0
0
0
0
0
0
0
0
0
0
0
0
0
0
0
0
0
0
0
0
0
0
0
0
0
0
0
1
0
2
12
37
94
229
461
818
1215
1464
1736
1942
2052
2018
2036
2158
2184
2156
2158
2153
2052
2011
1867
1799
1750
1741
1656
1614
1655
1598
1657
1709
1647
1673
1682
1653
1860
1712
1798
1704
1771
1628
1728
1580
1599
1567
1511
1433
1350
1398
1325
1270
1253
1292
1220
1201
1143
1225
1190
1168
1218
1082
1163
1217
1143
1174
1152
1064
1131
1160
1047
1082
1088
1055
1069
1046
986
1006
1025
1038
975
954
867
879
896
896
912
851
869
918
877
810
840
891
837
807
879
840
766
807
786
771
813
787
784
752
739
718
770
750
735
741
707
749
729
620
691
691
677
640
650
644
663
645
633
663
607
630
640
599
669
623
618
653
600
573
552
564
608
605
560
612
543
575
511
517
574
531
602
521
513
528
503
510
528
506
524
543
516
495
479
474
513
508
485
480
481
493
425
441
472
446
490
464
447
475
450
423
421
461
443
455
435
394
412
394
421
414
384
427
408
413
355
390
394
386
411
414
403
361
361
389
380
370
399
359
341
348
357
342
353
343
343
332
307
312
346
286
328
290
298
303
320
303
275
300
298
281
291
283
291
251
271
280
255
293
239
238
266
257
261
273
257
255
253
221
253
236
247
237
252
259
233
263
221
249
230
210
237
201
227
209
202
211
238
219
168
201
206
194
213
211
182
200
207
205
225
197
201
153
192
187
192
171
183
187
176
182
160
159
161
180
171
182
198
165
169
158
166
182
181
175
142
144
130
143
144
174
169
138
166
142
153
142
152
141
143
141
144
130
140
149
145
133
136
133
130
124
125
157
131
116
133
140
124
119
139
115
123
133
114
124
104
129
105
97
114
108
106
100
112
107
113
125
111
103
104
108
89
88
101
105
94
105
99
91
101
92
105
79
91
89
102
101
100
89
91
85
98
80
83
103
92
87
86
78
86
77
77
89
83
81
85
89
80
75
81
63
78
66
67
55
60
83
77
69
83
61
69
84
74
74
68
70
66
71
60
64
53
78
70
74
56
57
67
74
62
50
59
64
65
56
54
62
55
60
59
58
59
49
75
46
44
42
54
46
56
51
54
55
63
33
55
49
37
34
51
55
54
50
52
53
39
63
43
41
43
39
42
46
40
36
50
61
51
37
41
44
52
44
39
36
48
49
35
50
40
43
41
34
34
29
35
34
39
33
36
44
34
35
43
47
30
44
33
36
35
40
28
46
27
33
34
30
32
25
35
24
37
43
29
32
23
40
23
29
32
23
33
29
28
30
30
29
23
25
37
19
30
37
24
29
39
32
20
26
29
22
26
25
21
20
23
21
19
22
22
29
30
29
28
26
27
20
26
17
21
30
22
14
20
18
21
21
17
26
8
12
27
23
30
25
17
18
17
20
21
16
13
19
15
20
15
24
19
12
19
21
13
17
15
19
17
15
18
22
15
13
16
18
16
12
15
13
12
20
16
14
18
15
18
15
17
17
18
8
14
29
17
11
13
14
18
16
15
15
22
7
16
9
14
17
11
4
9
13
13
7
8
14
11
14
14
11
13
17
13
8
9
18
11
11
18
10
12
7
14
13
18
12
12
8
21
7
6
10
10
11
18
10
5
17
6
9
16
12
6
9
12
9
5
7
13
14
8
6
8
8
9
11
12
8
8
13
9
5
6
11
7
4
7
3
5
6
6
8
9
13
9
11
8
1
9
8
7
3
9
11
3
7
4
4
9
6
9
4
8
4
9
4
4
12
7
8
5
5
9
4
6
8
2
7
5
4
8
0
6
5
7
6
4
4
6
6
7
3
6
2
4
5
3
0
7
2
4
6
5
4
5
2
2
6
7
3
6
4
6
8
5
3
6
3
5
3
8
5
4
6
4
3
1
5
4
4
2
3
6
3
4
7
2
4
5
6
3
5
5
4
6
4
4
1
2
6
2
3
2
1
5
4
2
1
3
4
5
1
3
7
1
2
0
4
3
4
7
2
4
1
2
3
3
2
6
5
6
2
2
5
4
3
4
2
3
3
1
1
6
1
2
3
3
0
0
0
1
4
1
3
3
2
2
2
1
3
0
3
3
3
3
0
2
2
1
2
2
0
4
2
2
3
1
2
1
0
4
1
3
4
1
1
1
0
0
1
1
0
0
3
1
2
0
0
1
3
1
0
4
1
1
0
0
4
4
2
1
2
2
0
1
3
2
5
4
2
2
0
0
3
1
1
2
1
2
0
2
1
1
1
3
1
3
4
4
2
0
1
4
2
3
1
1
3
2
0
5
0
3
2
1
0
1
0
3
1
2
2
3
0
2
0
1
0
0
0
2
3
1
1
7
1
0
0
1
0
1
1
0
0
1
2
0
0
3
0
2
0
0
1
1
3
0
3
1
0
0
0
1
0
2
1
1
0
2
0
1
0
0
0
2
1
2
1
0
1
1
2
1
1
0
1
2
0
3
0
1
1
2
0
0
1
1
2
1
4
4
1
1
0
0
1
1
0
2
2
0
0
1
3
0
0
0
1
3
0
1
3
1
2
1
0
1
2
3
0
0
1
2
3
0
0
0
3
0
1
1
0
0
2
0
0
0
0
0
2
0
3
1
1
0
3
1
1
3
0
0
0
1
1
1
0
0
0
2
0
3
0
0
1
0
0
0
0
1
0
0
1
1
0
0
0
1
0
1
0
1
0
1
0
0
1
0
2
1
1
2
0
1
1
1
1
1
0
0
3
2
1
0
0
0
0
0
1
0
0
0
0
1
0
0
1
1
1
0
0
1
1
0
0
0
1
0
0
1
0
1
0
0
3
0
1
0
0
0
0
1
1
0
1
0
1
0
2
0
0
0
0
0
0
1
0
0
2
0
0
0
0
1
1
0
0
2
0
0
0
2
1
0
1
0
0
0
1
0
0
0
1
0
0
1
0
0
0
1
0
0
1
2
0
2
3
0
1
0
1
1
0
1
1
2
1
0
1
0
0
0
0
0
0
1
0
2
0
0
0
0
1
0
3
1
0
0
0
0
2
0
0
3
0
0
1
0
0
0
0
0
0
0
0
0
2
1
0
0
0
0
0
2
0
0
1
0
2
0
1
0
0
0
0
1
0
1
0
1
1
1
1
1
0
0
0
0
0
0
1
0
0
0
1
0
1
0
0
1
0
0
0
1
0
1
0
0
0
1
0
0
0
0
1
0
1
0
1
1
0
1
0
0
0
0
1
1
0
0
0
1
0
0
0
0
1
0
0
0
1
0
1
0
0
0
0
0
0
1
0
0
1
1
0
0
0
1
2
0
0
1
0
0
0
0
0
0
1
0
1
2
1
3
0
0
1
1
0
0
1
2
0
0
0
0
1
1
1
1
0
0
0
0
0
0
0
1
0
0
0
1
0
1
1
0
0
0
0
2
0
1
0
0
0
0
0
1
0
0
0
1
1
0
0
0
1
0
1
0
1
0
0
0
0
0
2
0
0
0
0
0
1
1
0
0
0
1
0
0
0
0
1
0
1
0
0
0
0
0
0
0
1
0
0
0
1
1
0
0
0
0
1
0
0
1
0
0
0
0
0
0
0
0
0
0
0
0
0
0
0
1
0
0
1
0
0
0
1
2
0
0
0
0
0
0
0
2
0
0
0
1
0
0
0
0
0
0
1
0
0
0
0
0
0
1
0
1
0
0
1
0
0
2
2
0
0
0
0
0
1
0
0
0
0
0
0
0
1
1
0
0
1
1
0
0
0
0
1
0
0
2
0
1
0
0
2
0
0
0
0
0
0
0
1
0
1
0
0
0
1
1
0
0
0
0
0
2
1
0
0
0
0
1
0
0
0
0
0
0
0
1
2
0
1
0
0
0
0
0
0
1
0
0
0
0
0
0
1
1
0
0
0
0
0
0
0
0
0
0
0
0
0
2
1
0
2
1
1
0
1
0
2
0
0
1
0
0
0
0
0
0
0
0
0
0
0
0
0
0
0
0
0
0
0
0
0
0
0
0
0
0
0
0
0
0
0
1
1
0
0
0
0
0
1
0
0
0
0
1
0
0
0
0
0
1
0
0
0
0
1
0
0
1
0
0
0
0
1
1
0
0
0
0
0
0
0
1
0
0
0
0
0
0
0
0
1
0
1
0
0
0
0
0
0
0
0
1
0
0
0
0
2
0
0
0
0
0
0
0
0
0
0
0
0
0
1
0
0
0
3
0
0
1
1
0
1
0
0
0
0
0
0
0
0
0
0
0
0
0
1
1
0
0
0
0
0
0
1
0
0
0
0
1
0
0
0
0
1
0
0
0
1
0
0
0
0
1
1
1
0
0
0
0
1
0
1
0
0
1
0
1
1
0
0
0
0
0
0
0
1
0
0
0
0
1
0
0
1
1
0
0
0
1
0
0
1
0
0
0
0
1
0
0
1
1
0
0
2
0
1
1
1
0
1
0
0
0
0
0
1
0
0
1
0
0
0
1
0
0
0
0
0
0
1
0
0
0
0
0
0
1
0
1
0
1
0
0
0
1
0
0
0
0
0
0
0
0
1
0
0
1
0
0
0
1
0
2
0
0
0
0
1
0
0
0
0
0
0
1
1
0
1
0
2
0
0
0
0
0
0
0
0
0
0
0
0
0
0
0
1
0
1
0
0
0
0
0
1
0
1
0
0
0
1
1
1
0
0
1
1
1
0
1
0
0
1
0
0
0
0
1
0
0
0
0
0
0
1
0
2
0
1
0
0
0
0
0
0
1
1
1
0
0
1
0
1
0
1
0
0
0
0
0
0
1
1
0
0
0
0
0
0
1
0
0
0
0
0
1
0
1
1
0
0
0
0
1
0
0
0
0
1
0
0
0
2
0
0
0
0
0
0
0
0
0
1
2
0
0
1
0
0
0
0
0
1
1
0
1
0
1
0
0
0
1
1
0
0
1
0
0
1
0
0
0
0
1
0
1
1
0
0
1
0
0
0
1
1
1
1
1
0
0
0
0
1
1
0
0
1
1
2
0
0
0
0
0
0
0
0
0
0
0
0
0
0
0
0
0
0
0
0
0
1
0
0
2
0
0
0
1
0
0
0
0
0
0
0
0
0
0
1
0
0
1
0
1
0
0
0
0
0
0
0
0
0
0
1
0
0
1
1
0
0
0
0
1
0
0
0
0
1
2
0
0
0
1
0
0
1
0
0
0
1
0
0
0
0
0
0
0
0
0
0
0
0
1
0
0
0
0
0
3
0
0
0
0
0
0
0
1
1
0
1
0
1
0
0
1
0
0
0
0
1
0
0
0
1
0
0
0
0
0
1
0
0
0
1
0
1
1
0
0
0
0
0
1
0
0
0
0
0
1
0
0
0
1
1
0
0
0
1
0
0
0
1
0
1
1
0
0
0
1
0
0
0
0
0
0
0
0
1
0
0
0
1
2
1
0
0
0
0
1
0
0
2
0
0
0
1
0
0
0
1
0
0
0
0
0
0
0
0
0
1
0
0
0
1
1
0
0
0
0
1
0
1
1
0
0
0
0
0
0
0
0
0
1
1
0
0
0
1
0
1
1
1
0
0
0
0
0
0
0
0
1
0
0
0
0
0
2
1
0
0
0
0
0
0
1
1
0
0
1
0
1
0
0
2
0
0
1
0
1
0
0
1
1
0
0
1
1
0
0
0
0
1
0
0
2
0
2
0
0
1
0
0
0
0
0
0
0
1
0
0
0
0
0
1
0
1
1
0
0
1
0
0
0
1
0
0
0
0
0
0
0
1
0
0
0
0
0
1
1
0
0
0
0
0
0
1
0
1
0
0
1
0
0
0
0
1
0
0
0
0
0
0
1
0
0
0
0
0
3
0
0
0
0
0
0
0
1
0
0
1
0
1
0
0
0
0
1
0
0
0
1
1
0
1
2
0
1
0
1
1
2
0
1
0
0
0
0
0
2
0
1
1
0
1
1
0
0
0
0
1
0
0
0
0
0
1
0
2
0
1
1
0
1
0
0
0
2
0
0
0
0
1
2
0
0
1
0
0
1
0
0
0
1
1
0
0
1
1
0
1
0
0
0
0
2
1
0
1
0
1
0
0
0
0
0
1
0
0
1
0
0
0
0
0
0
0
2
0
0
0
0
0
0
0
0
0
1
1
0
1
0
0
1
0
1
0
0
0
3
1
0
0
0
0
2
1
0
1
2
0
0
0
1
0
0
0
0
0
0
0
0
0
0
1
0
0
1
1
0
0
0
0
1
0
1
0
0
0
0
2
1
1
0
0
1
0
0
2
1
0
1
1
0
1
1
0
0
0
2
0
0
0
2
0
2
0
1
1
0
0
2
0
1
1
1
0
2
0
0
0
0
0
1
0
0
2
0
0
1
0
0
0
0
0
2
0
0
0
0
2
2
0
2
1
0
0
0
0
0
0
1
0
0
1
0
1
0
0
0
0
0
1
0
0
0
1
1
0
0
1
2
3
0
0
0
1
1
1
2
1
1
0
1
1
0
0
0
3
0
0
0
1
1
0
1
0
0
0
0
1
1
0
0
1
0
0
0
1
2
1
0
1
2
1
0
1
0
1
2
0
1
1
1
0
1
1
0
5
2
1
0
0
0
0
1
1
0
2
0
0
0
0
1
1
1
1
0
0
1
0
0
1
0
0
2
1
1
0
0
0
2
2
0
0
1
1
0
0
0
0
2
0
0
0
1
1
0
2
1
0
3
0
1
0
1
0
0
1
1
1
1
0
1
2
0
0
0
0
1
1
0
1
1
0
1
2
0
0
0
1
0
0
1
0
1
0
0
2
0
0
1
2
0
1
0
1
2
0
1
0
0
0
2
0
3
0
0
0
0
2
0
1
2
0
0
0
0
0
0
1
1
0
0
0
0
2
1
3
1
1
1
0
0
0
1
0
1
1
0
0
2
0
0
0
1
0
4
1
0
1
0
1
1
1
1
2
0
0
0
0
1
0
0
1
0
1
1
1
0
1
0
1
2
0
1
2
0
1
2
2
0
0
0
1
0
0
1
2
0
2
0
1
1
3
2
0
1
0
2
0
1
1
0
0
0
0
0
0
1
0
0
0
1
0
1
0
1
0
0
4
1
1
0
1
1
2
1
1
1
0
2
1
1
0
0
0
1
0
0
0
2
0
1
2
0
1
1
1
2
0
0
2
1
1
1
0
1
0
0
0
0
0
0
0
1
0
0
0
1
1
2
1
0
1
0
0
1
1
1
1
1
1
0
1
2
1
0
0
0
0
0
0
0
0
0
1
2
0
2
0
0
2
0
1
2
0
0
1
0
0
1
0
2
0
1
0
1
1
0
1
0
0
0
1
1
1
2
0
0
0
1
0
1
0
0
0
0
0
3
0
0
1
1
0
1
0
1
0
0
0
0
1
2
0
0
1
0
0
0
0
1
0
2
1
0
1
1
1
0
2
1
0
0
1
2
0
3
0
0
2
0
0
1
1
1
0
0
0
0
0
2
1
0
2
2
1
1
0
0
2
0
3
1
0
0
0
1
0
0
0
0
1
0
0
2
0
4
0
3
1
2
0
2
0
1
2
1
2
0
0
0
2
0
0
1
1
2
1
0
2
2
1
1
2
1
1
0
0
0
2
0
0
1
0
0
1
1
1
1
0
1
1
1
0
1
0
1
0
1
2
1
0
3
1
1
2
1
0
0
1
1
2
1
2
1
2
1
2
1
3
0
0
2
1
0
0
0
3
2
1
3
0
1
0
0
0
0
1
1
1
3
0
3
0
2
0
1
0
1
2
0
1
2
3
0
1
2
1
0
1
0
0
1
0
0
0
1
1
0
1
2
3
1
1
1
0
1
0
2
1
3
2
0
0
2
1
1
2
0
2
1
1
1
1
1
0
0
4
2
2
0
2
1
2
1
2
0
2
1
2
0
1
1
1
0
2
1
0
1
1
0
1
2
0
0
1
1
0
0
2
0
0
1
2
1
1
0
0
1
0
2
3
0
3
0
0
1
0
2
2
1
2
0
3
0
2
0
1
0
2
0
2
2
0
0
0
0
2
0
3
0
1
1
2
0
0
1
0
0
0
3
1
0
1
1
1
5
1
2
1
3
1
0
1
0
2
1
0
1
3
2
2
0
0
1
2
1
1
0
2
1
1
0
1
3
2
2
0
2
0
0
2
0
2
4
1
2
1
2
0
3
0
0
1
3
0
1
2
1
0
1
0
0
2
1
2
0
2
1
1
1
0
3
1
1
2
1
1
1
0
3
1
0
2
1
0
1
1
1
0
1
3
2
2
1
1
0
1
1
1
0
2
0
1
1
0
2
3
2
1
1
1
1
1
0
0
1
1
0
2
1
0
2
1
1
0
0
1
0
2
1
1
1
5
1
1
0
1
1
1
2
0
0
0
1
0
1
1
0
0
0
1
0
0
0
1
0
0
0
1
0
1
1
0
4
1
0
0
1
0
0
0
1
0
1
1
0
0
0
0
2
2
3
1
1
0
1
4
2
1
2
0
0
2
0
1
0
1
0
1
0
1
0
1
1
3
4
0
0
1
3
1
1
1
0
1
0
2
0
3
0
0
1
2
1
2
0
1
2
1
0
2
0
0
1
1
3
1
1
0
1
0
2
1
3
2
0
0
1
1
1
1
0
0
1
0
1
4
1
1
0
0
0
1
1
0
1
3
1
0
0
1
1
1
0
0
0
2
1
2
0
0
1
0
1
1
2
1
0
3
1
0
0
2
1
0
0
1
0
0
0
1
1
2
0
0
1
4
0
0
2
1
1
0
2
1
1
1
1
1
1
2
1
0
5
2
0
1
3
0
0
0
1
1
0
0
1
2
1
4
1
1
3
1
0
3
2
0
1
2
1
1
2
2
1
1
1
2
0
1
0
0
1
1
1
0
0
1
3
1
0
1
2
1
1
1
0
0
0
0
0
0
4
0
1
0
1
4
1
0
1
1
2
1
0
2
3
0
0
0
0
1
3
2
1
6
1
1
1
1
2
2
1
2
1
1
2
1
3
0
0
1
1
2
0
1
0
6
2
1
1
0
0
1
0
1
0
2
2
0
2
1
0
1
1
1
1
3
2
4
0
2
2
3
1
0
0
1
0
2
0
3
0
2
0
0
1
1
3
1
2
1
1
1
4
2
0
2
1
0
1
3
0
0
0
1
0
2
3
2
3
0
2
1
3
3
1
2
0
1
0
0
0
2
0
3
2
1
0
1
2
4
0
0
1
2
0
1
1
3
1
0
0
1
2
4
1
3
1
2
3
1
0
3
1
1
1
0
1
1
2
0
2
4
2
3
2
2
2
0
1
1
1
3
0
0
1
0
2
1
2
3
0
2
3
1
0
1
1
4
1
1
0
0
1
2
0
3
3
1
1
0
2
4
0
0
0
1
0
0
3
0
1
1
1
1
4
0
0
0
1
2
0
0
1
1
1
0
3
1
1
1
1
0
0
1
0
1
1
0
1
0
0
2
1
0
2
2
0
3
0
2
0
1
1
2
2
1
2
0
0
1
2
2
2
0
3
1
1
0
0
0
0
1
0
0
0
0
1
1
0
0
0
2
2
0
2
1
1
0
1
0
0
2
1
0
1
0
0
0
0
0
0
1
2
0
0
2
1
0
0
1
0
0
1
0
2
0
0
1
1
0
2
0
0
1
2
0
2
3
2
0
0
0
0
1
2
0
2
1
0
2
0
0
0
1
0
1
0
0
1
3
0
0
2
0
2
1
0
0
1
0
0
1
0
0
0
0
0
0
0
0
0
0
2
1
1
1
1
0
0
0
0
2
0
0
1
1
3
0
0
0
3
1
0
1
0
2
1
0
0
3
2
0
0
0
2
1
0
0
1
2
0
0
0
0
1
2
1
0
2
1
0
0
2
0
0
1
1
0
0
1
0
1
0
0
0
1
2
1
0
1
1
2
0
0
1
0
2
0
0
0
2
0
1
0
1
0
1
1
0
0
1
1
0
0
0
3
0
1
2
3
0
1
1
0
0
2
0
0
1
0
0
0
1
0
1
1
0
0
2
0
3
0
0
1
1
0
2
2
0
1
0
1
1
0
1
2
0
0
1
0
0
1
0
1
1
2
0
1
0
2
1
1
4
0
0
2
1
2
1
0
0
0
3
0
0
1
1
3
1
1
0
1
2
0
1
1
0
2
2
1
1
2
4
1
1
1
5
0
1
1
2
0
1
2
1
2
0
0
1
0
1
0
2
1
2
1
2
0
4
1
0
1
2
0
0
1
1
1
0
2
1
3
1
2
3
1
2
2
1
0
1
4
1
1
1
0
0
1
3
1
1
4
1
1
2
2
4
0
0
0
0
1
0
0
2
0
1
1
1
2
0
1
1
4
1
1
1
2
3
0
1
0
2
2
2
0
0
2
2
1
0
1
2
1
2
1
3
2
1
2
2
2
1
5
0
4
3
3
2
4
1
3
0
2
0
1
3
0
4
1
4
2
2
0
1
2
0
2
1
2
1
3
2
2
2
1
2
2
1
1
1
0
2
1
4
2
1
2
3
3
3
0
4
3
2
2
2
3
3
6
3
3
4
4
3
3
5
5
4
4
5
2
2
5
5
4
2
6
2
7
3
8
7
8
8
6
5
10
7
4
4
10
7
9
13
6
9
11
8
7
12
15
16
18
15
19
15
15
17
19
25
16
22
17
21
22
22
13
23
24
22
22
18
17
29
19
27
18
29
17
16
21
18
18
22
21
15
12
8
10
6
10
10
10
7
5
7
6
5
1
1
3
1
4
3
2
2
2
2
0
4
1
3
1
0
0
2
2
0
1
0
0
0
0
0
2
0
4
0
1
1
1
2
2
1
1
1
1
4
1
0
1
1
2
2
0
0
0
0
3
2
1
3
0
4
2
0
1
1
2
0
4
3
1
3
3
5
2
0
1
0
3
1
1
3
0
1
1
2
2
2
3
4
0
2
3
2
2
0
2
4
0
1
1
1
3
2
0
0
4
2
0
1
2
1
1
4
1
1
3
2
3
6
2
1
4
0
1
1
0
1
2
2
2
0
0
2
0
0
1
3
0
0
2
0
1
4
0
0
0
2
0
0
0
0
0
0
2
0
1
1
0
0
0
0
0
0
0
1
0
0
0
1
0
0
1
1
1
1
1
1
0
0
0
0
1
1
0
0
0
0
0
1
0
0
0
1
0
0
0
1
0
0
1
0
1
1
0
0
1
1
0
1
0
0
0
0
0
1
1
0
1
1
0
0
0
0
0
0
0
0
0
0
1
0
0
0
1
0
0
1
1
0
1
1
1
1
0
0
0
1
1
0
1
0
0
0
0
0
1
0
0
1
1
0
0
0
0
0
0
1
0
1
0
0
0
0
0
0
0
0
1
0
0
2
1
0
0
0
0
1
0
1
0
1
0
0
2
2
0
0
0
3
1
1
0
0
0
1
0
3
0
0
0
0
0
1
0
0
0
1
1
0
0
0
0
0
0
1
1
0
0
0
1
0
0
0
0
0
0
1
0
0
1
0
0
0
0
0
0
0
0
1
0
0
0
0
0
1
0
0
0
0
0
0
0
0
1
0
1
0
1
1
0
1
0
1
0
0
2
0
0
1
0
1
0
0
1
0
2
2
0
1
0
0
0
0
0
0
2
0
1
0
1
0
1
0
0
0
1
0
0
0
0
0
0
1
1
0
0
0
0
0
0
0
0
0
0
0
0
0
0
0
0
1
2
0
0
0
0
0
0
1
0
0
0
0
2
0
0
0
1
1
0
1
0
0
0
1
1
0
0
0
0
1
0
0
2
0
0
0
0
0
0
0
0
0
1
1
1
0
0
0
1
0
0
0
0
0
1
1
0
0
0
0
0
0
0
1
0
0
1
0
0
0
1
0
0
0
0
0
0
1
0
0
1
1
1
0
1
0
0
0
2
1
3
0
1
1
0
2
1
1
0
0
0
0
0
0
0
1
0
0
0
0
0
1
0
0
2
0
2
0
1
0
0
0
2
0
0
1
0
0
1
0
0
0
0
1
0
0
1
0
1
0
1
0
0
1
0
0
1
0
0
0
0
1
0
0
0
0
0
0
0
0
1
1
0
1
0
0
0
0
0
0
0
0
0
0
0
0
0
0
0
0
0
0
0
0
0
0
0
0
0
0
0
0
0
0
0
0
0
0
0
0
0
0
0
0
0
1
0
0
0
0
0
0
0
0
0
0
0
0
1
0
0
0
0
0
0
0
0
0
0
0
0
0
0
0
0
1
0
0
0
0
0
0
0
0
0
0
0
0
0
0
1
0
0
0
0
0
0
0
0
0
0
0
0
0
0
0
0
0
0
0
0
0
0
0
0
0
0
0
0
0
0
0
0
0
0
0
0
0
0
0
0
0
0
0
0
1
0
1
1
0
0
0
0
0
0
0
0
1
0
0
1
0
0
0
0
1
0
0
0
0
0
0
0
0
0
0
0
0
0
0
1
0
1
0
0
0
0
0
0
0
0
0
0
0
0
0
0
1
0
0
0
0
2
0
0
1
0
0
0
0
0
0
0
0
0
0
0
0
0
0
0
0
0
0
0
0
0
1
1
0
0
0
0
0
0
0
0
0
0
0
0
0
0
0
0
0
0
1
0
0
0
0
0
0
0
0
0
0
0
0
0
0
0
0
0
0
1
0
1
0
0
0
0
0
0
0
0
0
0
0
0
0
0
0
0
0
0
0
0
0
0
0
1
1
0
0
0
0
0
0
0
1
0
0
1
0
0
0
0
0
0
1
0
0
0
0
0
0
0
0
0
0
0
0
0
0
0
0
0
0
0
0
0
0
0
0
0
0
0
0
0
0
0
0
0
0
0
0
0
0
0
0
0
0
0
0
0
1
0
0
0
0
0
0
0
0
0
0
0
0
0
0
0
0
0
0
0
0
0
0
0
0
0
0
0
0
1
0
1
1
0
0
0
0
0
0
0
0
0
0
0
0
0
0
1
0
0
0
0
0
0
0
0
0
0
0
0
0
0
0
0
0
1
0
0
0
0
0
0
0
1
0
1
0
0
0
0
0
0
0
1
0
0
0
0
0
0
0
0
0
1
0
0
0
0
0
0
0
0
0
0
0
0
0
0
0
0
0
0
0
0
1
0
0
0
0
0
0
0
0
0
0
0
0
0
0
0
0
0
0
1
0
0
0
0
0
0
0
0
0
0
1
0
0
0
0
0
0
1
0
0
0
0
0
0
0
0
0
0
0
1
0
0
0
0
1
0
0
0
0
0
0
0
0
0
0
0
0
0
0
0
0
0
0
0
0
0
0
0
0
0
0
0
1
0
1
0
0
0
0
0
0
0
0
0
0
0
0
0
0
0
1
0
0
0
0
0
0
0
0
0
0
0
0
0
0
0
0
0
0
1
0
0
0
0
0
0
0
0
0
0
0
0
0
1
0
0
0
1
0
0
1
0
0
0
0
0
1
1
1
0
0
0
0
0
0
0
0
0
0
0
0
0
0
0
0
1
0
0
0
0
0
0
1
0
0
0
0
0
0
0
1
0
0
0
0
0
0
1
0
0
0
1
0
0
0
0
0
0
0
0
0
1
0
0
0
0
0
0
0
0
1
0
0
1
1
0
0
0
0
0
0
0
0
0
1
0
1
0
0
0
0
0
0
0
0
0
0
0
0
0
0
0
0
0
0
1
0
0
0
0
0
0
0
0
0
0
0
0
1
0
0
0
0
0
0
0
0
0
0
0
0
0
0
0
1
0
0
0
0
0
0
1
1
0
0
0
0
0
0
0
0
0
0
0
1
0
0
0
0
0
0
1
0
0
0
1
0
1
0
0
0
1
0
0
0
0
0
0
1
0
0
0
0
0
0
0
1
0
0
0
0
0
0
0
1
1
0
0
0
0
0
0
0
0
0
0
0
0
0
0
0
0
0
0
0
0
0
0
0
0
1
0
1
0
0
0
0
0
0
0
0
0
0
0
0
0
0
0
0
0
0
0
0
0
0
0
0
0
0
1
0
0
0
0
0
0
0
0
0
0
0
0
0
0
0
0
0
0
0
0
1
0
0
0
0
0
0
0
0
0
0
0
0
0
1
0
1
0
1
1
1
0
0
0
0
0
0
0
1
1
0
0
1
0
0
0
0
0
0
1
0
1
0
0
0
0
1
0
0
0
0
0
0
0
0
1
0
1
0
0
0
0
0
0
0
0
0
0
1
0
0
0
0
0
0
0
0
0
0
1
0
0
0
0
0
0
0
0
0
0
0
0
0
1
0
0
0
0
0
1
0
0
0
0
0
0
0
0
0
0
0
0
1
0
0
0
0
0
0
0
0
0
0
0
0
0
0
0
0
0
0
0
1
0
0
0
0
0
0
0
0
0
0
0
0
1
0
0
0
0
0
0
1
1
0
1
0
0
0
0
0
0
0
0
0
0
0
0
0
0
0
0
0
0
0
0
0
0
0
0
0
0
0
0
0
0
0
1
1
0
0
1
0
0
0
0
0
0
0
0
0
0
0
0
0
0
0
2
0
1
1
0
0
0
0
1
0
0
0
0
0
0
1
0
0
0
1
0
0
0
0
0
0
0
0
0
0
1
0
0
0
0
0
0
0
0
0
0
0
0
0
0
1
0
1
0
0
2
0
0
0
0
0
1
0
1
0
0
0
0
0
0
0
0
0
0
1
1
0
0
0
0
0
0
0
0
0
0
0
0
0
0
0
0
0
0
0
0
0
0
0
0
0
0
0
0
1
1
0
1
0
0
1
0
0
0
0
0
0
1
0
0
0
0
1
0
0
0
0
0
0
1
0
0
0
0
0
0
0
0
0
0
0
0
0
0
0
0
0
0
0
0
0
0
0
0
1
0
0
0
1
0
1
1
0
1
0
0
0
0
0
0
0
0
0
2
1
0
1
1
1
1
0
1
0
0
0
0
0
0
0
0
0
0
0
1
0
0
1
2
1
0
0
0
1
0
0
0
0
0
1
0
0
0
0
0
0
0
0
0
0
1
0
0
0
0
1
0
1
0
0
0
0
0
0
0
0
0
0
0
0
0
0
0
0
1
0
0
0
0
0
0
0
0
0
0
0
0
0
0
0
0
1
0
0
0
0
0
0
0
0
0
1
0
0
0
0
1
1
0
0
1
1
0
0
0
0
0
0
1
0
1
0
0
0
0
0
2
0
0
0
1
0
1
0
1
0
0
0
0
0
0
0
0
2
2
2
1
0
0
1
1
0
0
0
0
1
0
0
2
0
1
1
0
1
1
0
0
1
0
0
0
0
0
0
0
0
1
0
0
0
1
0
0
0
1
0
1
0
0
0
3
0
0
0
1
0
0
0
0
0
0
1
0
1
0
0
0
0
0
1
0
0
0
0
0
0
0
0
1
0
1
0
0
0
1
0
0
0
0
0
0
0
1
0
0
1
1
0
1
0
1
0
0
0
0
0
1
0
1
0
0
0
0
0
0
0
0
1
1
0
0
0
0
0
0
0
0
0
1
0
0
0
0
0
0
1
0
0
0
1
1
0
1
0
0
2
1
0
0
0
1
0
0
0
0
0
0
0
1
1
1
1
1
0
0
0
0
0
0
1
0
0
1
0
0
0
1
0
1
0
0
0
0
0
0
0
0
0
0
0
0
0
0
0
0
0
0
0
0
0
0
0
0
0
0
0
0
0
0
0
0
0
0
0
0
0
0
0
0
0
0
0
0
0
0
0
0
0
0
0
0
0
0
0
0
0
0
0
0
0
0
0
0
0
0
0
0
0
0
0
0
0
0
0
0
0
0
0
0
0
0
0
0
0
0
0
0
0
0
0
0
0
0
0
0
0
0
0
0
0
0
0
0
0
0
0
0
0
0
0
0
0
0
0
0
0
0
0
0
0
0
0
0
0
0
0
0
0
0
0
0
0
0
0
0
0
0
0
0
0
0
0
0
0
0
0
0
0
0
0
0
0
0
0
0
0
0
0
0
0
0
0
0
0
0
0
0
0
0
0
0
0
1
0
0
0
0
0
0
0
0
0
0
0
1
0
0
0
0
0
0
0
0
0
0
0
0
0
0
0
0
0
0
0
0
0
0
0
0
0
0
0
0
0
0
0
0
0
0
0
0
0
0
0
0
0
0
0
0
0
0
0
0
0
0
0
0
0
0
0
0
0
0
0
0
0
0
0
0
0
0
0
0
0
0
0
1
0
0
0
0
0
0
0
0
0
0
0
0
0
0
0
0
0
0
0
0
0
0
0
0
0
0
0
0
0
0
0
0
0
0
0
0
0
0
0
0
0
0
0
0
0
0
0
0
0
0
0
0
0
0
0
0
0
0
0
0
0
0
0
0
0
0
0
0
0
0
0
0
0
0
0
0
0
0
0
0
0
0
0
0
0
0
0
0
0
0
0
0
0
0
0
0
0
0
0
1
0
0
0
0
0
0
0
0
0
0
0
0
0
0
0
0
0
0
0
0
0
0
0
0
0
0
0
0
0
0
0
0
0
0
0
0
0
0
0
0
0
0
0
0
0
0
0
0
0
0
0
0
0
0
0
0
0
0
0
0
0
0
0
0
0
0
0
0
0
0
0
0
0
0
0
0
0
0
0
0
0
0
0
0
0
0
0
0
0
0
0
0
0
0
0
0
0
0
0
0
0
0
0
0
0
0
0
0
0
0
0
0
0
0
0
0
0
0
0
0
0
0
0
0
0
0
1
0
0
0
0
0
0
0
0
0
0
0
0
0
0
0
0
0
0
0
0
0
0
0
0
0
0
0
0
0
0
0
1
0
0
0
0
0
0
0
0
0
0
0
0
0
0
0
0
0
0
0
0
0
0
0
0
0
0
0
0
0
0
0
0
0
0
0
0
0
0
0
0
0
0
0
0
0
0
0
0
0
0
0
0
0
0
0
0
0
0
0
0
0
0
0
0
0
0
0
0
0
0
0
0
0
0
0
0
0
0
0
0
0
0
0
0
0
0
0
0
0
0
0
0
0
0
0
0
0
0
0
0
0
0
0
0
0
0
0
0
0
0
0
0
0
0
0
0
0
0
0
0
0
0
0
0
0
0
0
0
0
0
0
0
0
0
0
0
0
0
0
0
0
0
0
0
0
0
0
0
0
0
0
0
0
0
0
0
0
0
0
0
0
0
0
0
0
0
0
0
0
0
1
0
0
0
0
0
0
0
0
0
0
0
0
0
0
0
0
0
0
0
0
0
0
0
0
0
0
0
0
0
0
0
0
0
0
0
0
0
0
0
0
0
0
0
0
0
0
0
0
0
0
0
0
0
0
0
0
0
0
0
0
0
0
0
0
0
0
0
0
0
0
0
0
0
0
0
0
0
0
0
0
0
0
0
0
0
0
0
0
0
0
0
0
0
0
0
0
0
0
0
0
0
0
0
0
0
0
0
0
0
0
0
0
0
0
0
0
0
0
0
0
0
0
0
0
0
0
0
0
0
0
0
0
0
0
0
0
0
0
0
0
0
0
0
0
0
0
0
0
0
0
0
0
0
1
0
0
0
0
0
0
0
0
0
0
0
0
0
0
0
0
0
0
0
0
0
0
0
0
0
0
0
0
0
0
1
0
0
0
0
0
0
0
0
0
0
0
0
0
0
0
0
0
0
0
0
0
0
0
0
0
0
0
0
0
0
0
0
0
0
0
0
0
0
0
0
0
0
0
0
0
0
0
0
0
0
0
0
0
0
0
0
0
0
0
0
0
0
0
0
0
0
0
0
0
0
0
0
0
0
0
0
0
0
0
0
0
0
0
0
0
0
0
0
0
0
0
0
0
0
0
0
0
0
0
0
0
0
0
0
0
0
0
0
0
0
0
0
0
0
0
0
0
0
0
0
0
0
0
0
0
0
0
0
0
0
0
0
0
0
0
0
0
0
0
1
0
0
0
0
0
0
0
0
0
0
0
0
0
0
0
0
0
0
0
0
0
0
0
0
0
0
0
0
0
0
0
0
0
0
0
0
0
0
0
0
0
0
0
0
0
0
0
0
0
0
0
0
0
0
0
0
0
0
0
0
0
0
0
0
1
0
0
0
0
0
0
0
0
0
0
0
0
0
0
0
0
0
0
0
0
0
0
0
0
0
0
0
0
0
0
0
0
0
0
0
0
0
0
0
0
0
0
0
0
0
0
1
0
0
0
0
0
0
0
0
0
0
0
0
0
0
0
0
0
0
0
0
0
0
0
0
0
0
0
0
0
0
0
0
0
0
0
1
0
0
0
0
0
0
0
0
0
0
0
0
0
0
0
0
0
0
0
0
0
0
0
0
0
0
0
0
0
0
0
0
0
