#V_bias (V)   V_buio (milliV)   Ch   err_Ch   FWHM  err_FWHM   FWHM/ch*e-3  err_FWHM/ch*e-3
26.10 121 4829.1189 0.0876 20.5810 0.1447 4.2619 0.0300
31.45 151 4827.8338 0.0419 9.8787 0.0691 2.0462 0.0143
36.49 165 4828.9358 0.0849 20.2304 0.1430 4.1894 0.0297
42.97 179 4828.9135 0.0847 19.9902 0.1420 4.1397 0.0295
48.88 191 4828.7904 0.0816 19.2703 0.1361 3.9907 0.0283
52.69 201 4828.8707 0.0848 20.2201 0.1420 4.1873 0.0295
58.78 214 4829.0212 0.0834 19.8295 0.1413 4.1063 0.0293
64.29 227 4828.7197 0.0802 18.9541 0.1340 3.9253 0.0278
71.20 241 4828.7999 0.0828 19.5541 0.1383 4.0494 0.0287
18.32 144 4828.1469 0.0580 13.3280 0.3039 2.7605 0.0630
21.08 160 4829.0972 0.0872 20.5908 0.1458 4.2639 0.0303
28.27 176 4829.0538 0.0879 20.7190 0.1460 4.2905 0.0303